		Temp	Hi	Low	Out		Wind		Wind	Hi	Hi	Wind	Heat		THSW			Rain	Solar	Solar	Hi Solar		UV 	Hi 	Heat	Cool	In 	In	In 	In 		Wind	Wind	ISS 	Arc.
Date	Time	Out	Temp	Temp	Hum	Dew	Speed	Dir	Run	Speed	Dir	Chill	Index	THW	Index	Bar  	Rain	Rate	Rad.	Energy	Rad. 	UV 	Dose	UV 	D-D 	D-D 	Temp	Hum	Dew	Heat	ET 	Samp	Tx 	Recept	Int.
06/07/25	12:10 a	23.2	23.2	23.1	88	21.1	0.0	---	0.00	0.0	---	23.2	24.4	24.4	23.5	756.9	0.00	0.0	0	0.00	0	0.0	0.00	0.0	0.000	0.034	23.7	59	15.2	24.2	0.00	230	1	100.0	10
06/07/25	12:20 a	23.1	23.1	22.9	88	21.0	0.0	---	0.00	0.0	---	23.1	24.3	24.3	23.4	756.9	0.00	0.0	0	0.00	0	0.0	0.00	0.0	0.000	0.033	23.8	60	15.5	24.3	0.00	234	1	100.0	10
06/07/25	12:30 a	22.9	23.0	22.9	88	20.8	0.0	---	0.00	0.0	---	22.9	24.2	24.2	23.3	756.9	0.00	0.0	0	0.00	0	0.0	0.00	0.0	0.000	0.032	23.8	60	15.6	24.3	0.00	229	1	100.0	10
06/07/25	12:40 a	23.0	23.0	22.9	89	21.1	0.0	---	0.00	0.0	---	23.0	24.3	24.3	23.4	756.8	0.00	0.0	0	0.00	0	0.0	0.00	0.0	0.000	0.032	23.8	59	15.3	24.3	0.00	231	1	100.0	10
06/07/25	12:50 a	22.9	23.0	22.9	89	21.0	0.0	---	0.00	0.0	---	22.9	24.3	24.3	23.3	756.8	0.00	0.0	0	0.00	0	0.0	0.00	0.0	0.000	0.032	23.7	59	15.2	24.1	0.00	234	1	100.0	10
06/07/25	1:00 a	22.8	22.9	22.8	89	20.9	0.0	---	0.00	0.0	---	22.8	24.2	24.2	23.2	756.6	0.00	0.0	0	0.00	0	0.0	0.00	0.0	0.000	0.031	23.6	59	15.1	24.0	0.00	233	1	100.0	10
06/07/25	1:10 a	22.8	22.8	22.8	89	20.9	0.0	---	0.00	0.0	---	22.8	24.2	24.2	23.2	756.6	0.00	0.0	0	0.00	0	0.0	0.00	0.0	0.000	0.031	23.7	59	15.2	24.1	0.00	230	1	100.0	10
06/07/25	1:20 a	22.8	22.8	22.8	89	20.9	0.0	---	0.00	0.0	---	22.8	24.2	24.2	23.2	756.5	0.00	0.0	0	0.00	0	0.0	0.00	0.0	0.000	0.031	23.7	60	15.5	24.2	0.00	231	1	100.0	10
06/07/25	1:30 a	22.8	22.8	22.8	89	20.9	0.0	---	0.00	0.0	---	22.8	24.2	24.2	23.2	756.5	0.00	0.0	0	0.00	0	0.0	0.00	0.0	0.000	0.031	23.7	60	15.5	24.2	0.00	234	1	100.0	10
06/07/25	1:40 a	22.8	22.8	22.8	89	20.9	0.0	---	0.00	0.0	---	22.8	24.1	24.1	23.2	756.4	0.00	0.0	0	0.00	0	0.0	0.00	0.0	0.000	0.031	23.8	60	15.5	24.3	0.00	234	1	100.0	10
06/07/25	1:50 a	22.8	22.8	22.8	90	21.1	0.0	---	0.00	0.0	---	22.8	24.2	24.2	23.2	756.3	0.00	0.0	0	0.00	0	0.0	0.00	0.0	0.000	0.031	23.7	59	15.2	24.1	0.00	232	1	100.0	10
06/07/25	2:00 a	22.8	22.8	22.7	90	21.1	0.0	---	0.00	0.0	---	22.8	24.2	24.2	23.2	756.3	0.00	0.0	0	0.00	0	0.0	0.00	0.0	0.000	0.031	23.6	59	15.1	23.9	0.00	231	1	100.0	10
06/07/25	2:10 a	22.7	22.7	22.7	90	21.0	0.0	---	0.00	0.0	---	22.7	24.1	24.1	23.2	756.3	0.00	0.0	0	0.00	0	0.0	0.00	0.0	0.000	0.030	23.6	59	15.1	23.9	0.00	233	1	100.0	10
06/07/25	2:20 a	22.7	22.7	22.7	90	20.9	0.0	---	0.00	0.0	---	22.7	24.0	24.0	23.1	756.2	0.00	0.0	0	0.00	0	0.0	0.00	0.0	0.000	0.030	23.6	60	15.3	24.0	0.00	234	1	100.0	10
06/07/25	2:30 a	22.7	22.7	22.6	90	20.9	0.0	---	0.00	0.0	---	22.7	24.0	24.0	23.1	756.1	0.00	0.0	0	0.00	0	0.0	0.00	0.0	0.000	0.030	23.7	60	15.4	24.1	0.00	231	1	100.0	10
06/07/25	2:40 a	22.6	22.7	22.6	90	20.9	0.0	---	0.00	0.0	---	22.6	23.9	23.9	23.0	755.9	0.00	0.0	0	0.00	0	0.0	0.00	0.0	0.000	0.030	23.7	61	15.7	24.2	0.00	230	1	100.0	10
06/07/25	2:50 a	22.6	22.7	22.6	90	20.9	0.0	---	0.00	0.0	---	22.6	23.9	23.9	23.0	755.7	0.00	0.0	0	0.00	0	0.0	0.00	0.0	0.000	0.030	23.7	61	15.8	24.2	0.00	234	1	100.0	10
06/07/25	3:00 a	22.7	22.7	22.6	90	20.9	0.0	---	0.00	0.0	---	22.7	24.0	24.0	23.1	755.7	0.00	0.0	0	0.00	0	0.0	0.00	0.0	0.000	0.030	23.7	61	15.8	24.2	0.00	232	1	100.0	10
06/07/25	3:10 a	22.6	22.7	22.6	91	21.1	0.0	---	0.00	0.0	---	22.6	24.0	24.0	23.1	755.6	0.00	0.0	0	0.00	0	0.0	0.00	0.0	0.000	0.030	23.8	62	16.1	24.3	0.00	232	1	100.0	10
06/07/25	3:20 a	22.6	22.6	22.6	91	21.1	0.0	---	0.00	0.0	---	22.6	24.0	24.0	23.1	755.5	0.00	0.0	0	0.00	0	0.0	0.00	0.0	0.000	0.030	23.8	62	16.1	24.3	0.00	229	1	100.0	10
06/07/25	3:30 a	22.6	22.6	22.6	91	21.0	0.0	---	0.00	0.0	---	22.6	23.9	23.9	23.0	755.4	0.00	0.0	0	0.00	0	0.0	0.00	0.0	0.000	0.029	23.7	60	15.5	24.2	0.00	233	1	100.0	10
06/07/25	3:40 a	22.6	22.6	22.5	91	21.0	0.0	---	0.00	0.0	---	22.6	23.9	23.9	23.0	755.3	0.00	0.0	0	0.00	0	0.0	0.00	0.0	0.000	0.029	23.6	60	15.4	24.1	0.00	233	1	100.0	10
06/07/25	3:50 a	22.6	22.6	22.5	91	21.0	0.0	---	0.00	0.0	---	22.6	23.9	23.9	23.0	755.2	0.00	0.0	0	0.00	0	0.0	0.00	0.0	0.000	0.029	23.6	60	15.3	24.0	0.00	233	1	100.0	10
06/07/25	4:00 a	22.5	22.6	22.5	91	21.0	0.0	---	0.00	0.0	---	22.5	23.8	23.8	22.9	755.2	0.00	0.0	0	0.00	0	0.0	0.00	0.0	0.000	0.029	23.6	60	15.3	24.0	0.00	228	1	100.0	10
06/07/25	4:10 a	22.5	22.6	22.5	91	21.0	0.0	---	0.00	0.0	---	22.5	23.8	23.8	22.9	755.2	0.00	0.0	0	0.00	0	0.0	0.00	0.0	0.000	0.029	23.6	61	15.6	24.1	0.00	234	1	100.0	10
06/07/25	4:20 a	22.5	22.5	22.4	91	21.0	0.0	---	0.00	0.0	---	22.5	23.8	23.8	22.9	755.2	0.00	0.0	0	0.00	0	0.0	0.00	0.0	0.000	0.029	23.6	61	15.6	24.1	0.00	234	1	100.0	10
06/07/25	4:30 a	22.4	22.4	22.3	91	20.8	0.0	---	0.00	0.0	---	22.4	23.7	23.7	22.8	755.2	0.00	0.0	0	0.00	0	0.0	0.00	0.0	0.000	0.028	23.7	62	16.0	24.2	0.00	231	1	100.0	10
06/07/25	4:40 a	22.3	22.3	22.3	91	20.7	0.0	---	0.00	0.0	---	22.3	23.6	23.6	22.6	755.1	0.00	0.0	0	0.00	0	0.0	0.00	0.0	0.000	0.027	23.7	62	16.0	24.2	0.00	228	1	100.0	10
06/07/25	4:50 a	22.3	22.3	22.3	91	20.7	0.0	---	0.00	0.0	---	22.3	23.6	23.6	22.6	755.1	0.00	0.0	0	0.00	0	0.0	0.00	0.0	0.000	0.027	23.7	62	16.0	24.3	0.00	233	1	100.0	10
06/07/25	5:00 a	22.3	22.3	22.2	91	20.7	0.0	---	0.00	0.0	---	22.3	23.6	23.6	22.6	755.0	0.00	0.0	0	0.00	0	0.0	0.00	0.0	0.000	0.027	23.7	62	16.0	24.3	0.00	234	1	100.0	10
06/07/25	5:10 a	22.3	22.3	22.2	92	20.9	0.0	---	0.00	0.0	---	22.3	23.7	23.7	22.7	755.0	0.00	0.0	0	0.00	0	0.0	0.00	0.0	0.000	0.027	23.7	63	16.3	24.3	0.00	234	1	100.0	10
06/07/25	5:20 a	22.2	22.2	22.2	91	20.7	0.0	---	0.00	0.0	---	22.2	23.5	23.5	22.6	755.0	0.00	0.0	0	0.00	0	0.0	0.00	0.0	0.000	0.027	23.7	63	16.3	24.3	0.00	229	1	100.0	10
06/07/25	5:30 a	22.2	22.2	22.2	91	20.6	0.0	---	0.00	0.0	---	22.2	23.4	23.4	22.5	755.0	0.00	0.0	0	0.00	0	0.0	0.00	0.0	0.000	0.027	23.8	63	16.3	24.4	0.00	234	1	100.0	10
06/07/25	5:40 a	22.2	22.2	22.1	91	20.6	0.0	---	0.00	0.0	---	22.2	23.4	23.4	22.5	755.1	0.00	0.0	0	0.00	0	0.0	0.00	0.0	0.000	0.027	23.7	61	15.8	24.2	0.00	234	1	100.0	10
06/07/25	5:50 a	22.1	22.2	22.1	92	20.7	0.0	---	0.00	0.0	---	22.1	23.4	23.4	22.5	755.2	0.00	0.0	0	0.00	0	0.0	0.00	0.0	0.000	0.026	23.5	61	15.5	24.0	0.00	234	1	100.0	10
06/07/25	6:00 a	22.0	22.1	22.0	92	20.6	0.0	---	0.00	0.0	---	22.0	23.3	23.3	22.4	755.2	0.00	0.0	3	0.04	9	0.0	0.00	0.0	0.000	0.025	23.4	61	15.5	23.9	0.00	227	1	99.6	10
06/07/25	6:10 a	22.0	22.1	22.0	92	20.6	0.0	---	0.00	0.0	---	22.0	23.3	23.3	22.6	755.3	0.00	0.0	13	0.19	14	0.0	0.00	0.0	0.000	0.025	23.5	61	15.5	24.0	0.00	234	1	100.0	10
06/07/25	6:20 a	22.0	22.1	22.0	92	20.6	0.0	---	0.00	0.0	---	22.0	23.3	23.3	22.6	755.3	0.00	0.0	17	0.24	23	0.0	0.00	0.0	0.000	0.025	23.5	62	15.8	24.0	0.00	232	1	100.0	10
06/07/25	6:30 a	22.0	22.1	22.0	92	20.6	0.0	---	0.00	0.0	---	22.0	23.3	23.3	22.8	755.3	0.00	0.0	27	0.39	30	0.0	0.00	0.0	0.000	0.025	23.6	62	15.8	24.1	0.00	234	1	100.0	10
06/07/25	6:40 a	22.1	22.1	22.0	92	20.7	0.0	---	0.00	0.0	---	22.1	23.4	23.4	23.0	755.4	0.00	0.0	42	0.60	51	0.0	0.00	0.0	0.000	0.026	23.6	62	15.8	24.1	0.00	228	1	100.0	10
06/07/25	6:50 a	22.0	22.1	22.0	92	20.6	0.0	---	0.00	0.0	---	22.0	23.3	23.3	23.0	755.4	0.00	0.0	46	0.66	49	0.0	0.00	0.0	0.000	0.025	23.6	63	16.2	24.2	0.00	233	1	100.0	10
06/07/25	7:00 a	22.1	22.1	22.0	92	20.7	0.0	---	0.00	0.0	---	22.1	23.4	23.4	23.3	755.4	0.00	0.0	65	0.93	88	0.0	0.00	0.0	0.000	0.026	23.6	63	16.2	24.2	0.03	233	1	100.0	10
06/07/25	7:10 a	22.1	22.2	22.1	92	20.7	0.0	---	0.00	0.0	---	22.1	23.4	23.4	25.0	755.3	0.00	0.0	90	1.29	93	0.0	0.00	0.0	0.000	0.026	23.7	63	16.2	24.3	0.00	234	1	100.0	10
06/07/25	7:20 a	22.3	22.3	22.2	92	20.9	0.0	---	0.00	0.0	---	22.3	23.7	23.7	25.4	755.3	0.00	0.0	95	1.36	102	0.4	0.02	0.5	0.000	0.027	23.7	64	16.5	24.3	0.00	229	1	100.0	10
06/07/25	7:30 a	22.4	22.4	22.3	92	21.0	0.0	---	0.00	0.0	---	22.4	23.8	23.8	25.8	755.4	0.00	0.0	110	1.58	114	0.6	0.03	0.6	0.000	0.028	23.7	64	16.5	24.3	0.00	232	1	100.0	10
06/07/25	7:40 a	22.5	22.6	22.4	92	21.1	0.0	---	0.00	0.0	---	22.5	23.9	23.9	25.9	755.2	0.00	0.0	109	1.56	118	0.7	0.04	0.7	0.000	0.029	23.7	64	16.5	24.4	0.00	233	1	100.0	10
06/07/25	7:50 a	22.6	22.7	22.6	92	21.2	0.0	---	0.00	0.0	---	22.6	24.1	24.1	26.8	755.3	0.00	0.0	148	2.12	179	0.9	0.05	0.9	0.000	0.030	23.8	61	15.8	24.3	0.00	234	1	100.0	10
06/07/25	8:00 a	22.8	22.8	22.7	92	21.4	0.0	---	0.00	0.0	---	22.8	24.2	24.2	27.2	755.2	0.00	0.0	163	2.34	206	0.9	0.05	1.0	0.000	0.031	23.6	61	15.6	24.1	0.08	228	1	100.0	10
06/07/25	8:10 a	22.9	23.0	22.8	92	21.5	0.0	---	0.00	0.0	---	22.9	24.3	24.3	26.1	755.4	0.00	0.0	112	1.61	128	0.7	0.04	0.7	0.000	0.032	23.6	62	15.8	24.1	0.00	233	1	100.0	10
06/07/25	8:20 a	23.0	23.1	22.9	92	21.6	0.0	---	0.00	0.0	---	23.0	24.4	24.4	26.3	755.6	0.00	0.0	119	1.71	141	0.8	0.04	1.0	0.000	0.032	23.6	62	15.8	24.1	0.00	234	1	100.0	10
06/07/25	8:30 a	23.0	23.0	22.9	92	21.6	0.0	---	0.00	0.0	---	23.0	24.4	24.4	27.3	755.7	0.00	0.0	179	2.57	206	1.2	0.06	1.3	0.000	0.032	23.7	62	16.0	24.2	0.00	235	1	100.0	10
06/07/25	8:40 a	23.0	23.1	23.0	92	21.6	0.0	---	0.00	0.0	---	23.0	24.4	24.4	26.8	755.7	0.00	0.0	156	2.24	199	1.2	0.06	1.3	0.000	0.032	23.7	63	16.3	24.3	0.00	225	1	98.7	10
06/07/25	8:50 a	23.1	23.1	23.0	92	21.7	0.0	---	0.00	0.0	---	23.1	24.5	24.5	26.4	755.6	0.00	0.0	135	1.94	202	1.6	0.09	2.5	0.000	0.033	23.8	63	16.3	24.4	0.00	231	1	100.0	10
06/07/25	9:00 a	23.2	23.3	23.1	92	21.8	0.0	---	0.00	0.0	---	23.2	24.7	24.7	30.8	755.6	0.00	0.0	477	6.84	483	2.6	0.14	2.7	0.000	0.034	23.8	63	16.4	24.4	0.13	231	1	100.0	10
06/07/25	9:10 a	23.6	23.7	23.3	92	22.2	0.0	N	0.00	2.2	NNE	23.6	25.2	25.2	31.5	755.7	0.00	0.0	503	7.21	517	2.9	0.16	3.1	0.000	0.036	23.9	63	16.4	24.5	0.00	227	1	99.6	10
06/07/25	9:20 a	23.9	24.1	23.7	92	22.5	0.0	SE	0.00	1.3	SE	23.9	25.8	25.8	32.2	755.5	0.00	0.0	536	7.68	561	3.2	0.17	3.4	0.000	0.039	23.9	64	16.7	24.6	0.00	225	1	98.7	10
06/07/25	9:30 a	24.3	24.4	24.1	92	22.9	0.4	NE	0.27	2.7	NE	24.3	26.3	26.3	32.5	755.5	0.00	0.0	589	8.44	628	3.5	0.19	3.7	0.000	0.041	23.9	61	15.9	24.4	0.00	232	1	100.0	10
06/07/25	9:40 a	24.6	24.8	24.5	91	23.0	0.4	NNE	0.27	3.6	N	24.6	26.7	26.7	33.2	755.5	0.00	0.0	589	8.44	596	3.8	0.20	3.9	0.000	0.044	23.8	61	15.8	24.3	0.00	232	1	100.0	10
06/07/25	9:50 a	25.1	25.2	24.8	91	23.5	0.0	N	0.00	1.3	N	25.1	27.4	27.4	34.0	755.4	0.00	0.0	610	8.74	622	4.1	0.22	4.3	0.000	0.047	23.8	61	15.9	24.4	0.00	229	1	100.0	10
06/07/25	10:00 a	25.3	25.5	25.2	91	23.8	0.4	NNE	0.27	2.2	NNE	25.3	27.9	27.9	34.5	755.4	0.00	0.0	634	9.09	647	4.4	0.24	4.5	0.000	0.049	23.9	62	16.2	24.5	0.36	225	1	98.7	10
06/07/25	10:10 a	25.7	25.8	25.5	90	24.0	0.9	S	0.54	2.7	SSW	25.7	28.6	28.6	35.2	755.3	0.00	0.0	663	9.50	679	4.7	0.25	4.9	0.000	0.051	24.1	62	16.3	24.6	0.00	227	1	99.6	10
06/07/25	10:20 a	25.9	25.9	25.8	90	24.1	0.4	S	0.27	1.8	SSW	25.9	28.8	28.8	35.6	755.2	0.00	0.0	689	9.88	700	5.0	0.27	5.2	0.000	0.052	24.1	59	15.6	24.5	0.00	226	1	99.1	10
06/07/25	10:30 a	26.0	26.1	25.9	90	24.2	0.0	SSE	0.00	1.8	SSE	26.0	29.1	29.1	35.8	755.3	0.00	0.0	710	10.18	719	5.4	0.29	5.5	0.000	0.053	24.0	60	15.8	24.5	0.00	230	1	100.0	10
06/07/25	10:40 a	26.2	26.3	26.1	89	24.3	0.4	ESE	0.27	2.7	S	26.2	29.4	29.4	36.2	755.1	0.00	0.0	731	10.48	738	5.6	0.30	5.8	0.000	0.055	24.1	60	15.8	24.5	0.00	226	1	99.1	10
06/07/25	10:50 a	26.4	26.5	26.3	89	24.4	0.4	N	0.27	4.0	NNE	26.4	29.7	29.7	36.5	755.1	0.00	0.0	751	10.77	759	5.9	0.32	6.1	0.000	0.056	24.3	60	16.0	24.7	0.00	229	1	100.0	10
06/07/25	11:00 a	26.6	26.7	26.5	88	24.4	0.0	S	0.00	1.8	S	26.6	29.9	29.9	36.7	755.0	0.00	0.0	770	11.04	780	6.3	0.34	6.4	0.000	0.057	24.4	60	16.2	24.8	0.46	228	1	100.0	10
06/07/25	11:10 a	26.8	26.9	26.7	88	24.7	0.4	S	0.27	2.2	S	26.8	30.6	30.6	37.4	755.0	0.00	0.0	790	11.32	798	6.5	0.35	6.7	0.000	0.059	24.5	59	16.0	24.8	0.00	230	1	100.0	10
06/07/25	11:20 a	27.0	27.1	26.9	87	24.6	0.4	NE	0.27	2.7	NE	27.0	30.8	30.8	37.6	755.0	0.00	0.0	810	11.61	812	6.8	0.36	6.9	0.000	0.060	24.4	59	15.9	24.7	0.00	224	1	98.2	10
06/07/25	11:30 a	27.2	27.3	27.1	86	24.7	1.3	SSE	0.80	4.0	S	27.2	31.2	31.2	38.1	755.1	0.00	0.0	814	11.67	821	7.1	0.38	7.1	0.000	0.062	24.5	60	16.2	24.9	0.00	230	1	100.0	10
06/07/25	11:40 a	27.4	27.6	27.3	86	24.9	0.9	E	0.54	4.5	S	27.4	31.7	31.7	38.2	755.1	0.00	0.0	879	12.60	939	7.6	0.41	8.0	0.000	0.063	24.7	58	15.8	25.0	0.00	230	1	100.0	10
06/07/25	11:50 a	27.7	27.8	27.6	85	24.9	0.4	NNE	0.27	2.2	NE	27.7	32.2	32.2	38.6	755.1	0.00	0.0	943	13.52	991	7.9	0.42	8.0	0.000	0.065	24.6	58	15.8	24.9	0.00	227	1	99.6	10
06/07/25	12:00 p	27.9	28.1	27.8	85	25.2	0.4	S	0.27	2.7	S	27.9	32.9	32.9	39.6	755.0	0.00	0.0	691	9.91	1046	7.1	0.38	8.7	0.000	0.067	24.7	59	16.1	25.1	0.51	225	1	98.7	10
06/07/25	12:10 p	28.2	28.3	28.1	84	25.3	0.4	NE	0.27	3.6	ESE	28.2	33.5	33.5	40.3	755.0	0.00	0.0	706	10.12	1055	6.6	0.35	8.9	0.000	0.069	24.8	58	16.0	25.2	0.00	223	1	97.8	10
06/07/25	12:20 p	28.4	28.6	28.3	82	25.1	2.2	ESE	1.34	5.8	E	28.4	33.8	33.8	40.5	754.8	0.00	0.0	910	13.05	1020	8.4	0.45	8.8	0.000	0.070	24.8	58	16.0	25.1	0.00	223	1	97.8	10
06/07/25	12:30 p	28.6	28.7	28.6	82	25.2	0.9	S	0.54	4.0	SE	28.6	34.3	34.3	41.4	754.6	0.00	0.0	808	11.58	1204	7.1	0.38	9.4	0.000	0.071	24.8	59	16.3	25.2	0.00	229	1	100.0	10
06/07/25	12:40 p	28.8	28.9	28.7	81	25.2	0.4	SSW	0.27	3.1	SW	28.8	34.6	34.6	41.0	754.4	0.00	0.0	1008	14.45	1164	7.6	0.41	9.2	0.000	0.073	24.9	57	15.8	25.2	0.00	227	1	99.6	10
06/07/25	12:50 p	29.0	29.1	28.9	79	25.0	1.3	SSE	0.80	4.9	SSE	29.0	34.7	34.7	41.8	754.2	0.00	0.0	818	11.73	1181	8.3	0.44	10.0	0.000	0.074	24.8	58	16.0	25.2	0.00	224	1	98.2	10
06/07/25	1:00 p	29.1	29.1	29.1	78	24.9	0.4	ENE	0.27	2.7	N	29.1	34.7	34.7	40.4	754.1	0.00	0.0	529	7.58	912	6.1	0.33	8.7	0.000	0.075	25.0	58	16.2	25.3	0.53	230	1	100.0	10
06/07/25	1:10 p	29.1	29.2	29.1	77	24.7	0.4	NNW	0.27	2.7	N	29.1	34.6	34.6	39.7	754.1	0.00	0.0	466	6.68	889	6.0	0.32	9.0	0.000	0.075	24.9	57	15.8	25.2	0.00	229	1	100.0	10
06/07/25	1:20 p	29.3	29.3	29.2	76	24.6	0.9	SSW	0.54	4.0	NE	29.3	34.7	34.7	39.1	754.0	0.00	0.0	393	5.63	462	6.8	0.36	10.2	0.000	0.076	24.9	58	16.1	25.2	0.00	229	1	100.0	10
06/07/25	1:30 p	29.4	29.4	29.3	75	24.5	0.4	SSW	0.27	3.1	SSE	29.4	34.7	34.7	41.1	753.9	0.00	0.0	641	9.19	983	6.5	0.35	8.6	0.000	0.077	25.0	56	15.6	25.2	0.00	226	1	99.1	10
06/07/25	1:40 p	29.4	29.4	29.4	74	24.3	0.4	SE	0.27	3.6	S	29.4	34.5	34.5	41.5	753.8	0.00	0.0	856	12.27	979	7.8	0.42	8.7	0.000	0.077	24.9	57	15.8	25.2	0.00	228	1	100.0	10
06/07/25	1:50 p	29.6	29.6	29.4	73	24.2	0.4	NE	0.27	2.7	SSE	29.6	34.7	34.7	38.0	753.8	0.00	0.0	292	4.19	348	4.2	0.22	5.6	0.000	0.078	24.9	57	15.8	25.2	0.00	228	1	100.0	10
06/07/25	2:00 p	29.5	29.6	29.4	72	23.9	0.4	NE	0.27	2.7	S	29.5	34.3	34.3	40.7	753.7	0.00	0.0	630	9.03	1225	6.1	0.33	9.2	0.000	0.078	24.9	56	15.5	25.1	0.43	228	1	100.0	10
06/07/25	2:10 p	29.5	29.5	29.4	71	23.7	0.9	N	0.54	3.6	SE	29.5	34.2	34.2	41.0	753.7	0.00	0.0	736	10.55	1234	7.2	0.39	9.9	0.000	0.078	24.9	57	15.8	25.2	0.00	223	1	97.8	10
06/07/25	2:20 p	29.7	29.8	29.5	71	23.8	0.9	SE	0.54	3.1	SE	29.7	34.6	34.6	40.2	753.7	0.00	0.0	538	7.71	694	6.1	0.33	8.5	0.000	0.079	25.0	56	15.6	25.2	0.00	227	1	99.6	10
06/07/25	2:30 p	29.8	29.8	29.8	70	23.7	0.4	S	0.27	3.6	S	29.8	34.6	34.6	40.7	753.8	0.00	0.0	596	8.54	1129	5.9	0.32	8.5	0.000	0.079	24.9	56	15.5	25.1	0.00	229	1	100.0	10
06/07/25	2:40 p	29.8	29.8	29.7	69	23.5	1.3	SE	0.80	4.0	SE	29.8	34.4	34.4	41.2	753.7	0.00	0.0	861	12.34	1004	7.3	0.39	8.4	0.000	0.079	25.0	55	15.3	25.2	0.00	231	1	100.0	10
06/07/25	2:50 p	29.7	29.8	29.7	69	23.4	0.9	NE	0.54	4.5	S	29.7	34.3	34.3	41.0	753.6	0.00	0.0	847	12.14	888	7.4	0.40	7.7	0.000	0.079	24.9	56	15.5	25.1	0.00	225	1	98.7	10
06/07/25	3:00 p	29.8	29.8	29.8	68	23.3	1.3	SSE	0.80	4.5	SW	29.8	34.3	34.3	41.1	753.6	0.00	0.0	825	11.83	842	7.1	0.38	7.2	0.000	0.080	25.0	55	15.3	25.2	0.53	225	1	98.7	10
06/07/25	3:10 p	29.9	29.9	29.8	68	23.3	0.9	S	0.54	3.6	SSE	29.9	34.5	34.5	41.2	753.7	0.00	0.0	699	10.02	877	5.7	0.31	7.1	0.000	0.080	24.9	56	15.5	25.1	0.00	228	1	100.0	10
06/07/25	3:20 p	30.0	30.1	29.9	67	23.2	0.9	S	0.54	4.5	N	30.0	34.6	34.6	40.8	753.6	0.00	0.0	846	12.13	891	6.1	0.33	6.8	0.000	0.081	25.0	55	15.3	25.2	0.00	231	1	100.0	10
06/07/25	3:30 p	30.1	30.2	30.1	67	23.3	0.9	S	0.54	4.5	SSE	30.1	34.8	34.8	41.4	753.5	0.00	0.0	678	9.72	861	5.2	0.28	6.4	0.000	0.082	25.0	55	15.3	25.2	0.00	227	1	99.6	10
06/07/25	3:40 p	30.1	30.2	30.1	67	23.3	0.4	S	0.27	3.6	WSW	30.1	34.8	34.8	39.9	753.4	0.00	0.0	463	6.64	896	4.4	0.24	6.1	0.000	0.082	25.1	55	15.4	25.2	0.00	226	1	99.1	10
06/07/25	3:50 p	30.1	30.1	30.1	66	23.0	0.4	S	0.27	3.1	S	30.1	34.4	34.4	38.9	753.5	0.00	0.0	388	5.56	462	4.3	0.23	6.0	0.000	0.081	25.1	54	15.1	25.2	0.00	230	1	100.0	10
06/07/25	4:00 p	30.0	30.1	30.0	66	23.0	1.3	SE	0.80	4.0	SSE	30.0	34.3	34.3	40.8	753.6	0.00	0.0	613	8.79	891	5.2	0.28	6.3	0.000	0.081	25.2	54	15.3	25.4	0.43	226	1	99.1	10
06/07/25	4:10 p	30.1	30.2	30.0	66	23.0	1.3	SE	0.80	4.5	NNE	30.1	34.4	34.4	40.7	753.8	0.00	0.0	577	8.27	849	4.3	0.23	5.6	0.000	0.081	25.2	54	15.3	25.4	0.00	226	1	99.1	10
06/07/25	4:20 p	30.2	30.2	30.1	66	23.1	0.4	SSE	0.27	3.1	S	30.2	34.7	34.7	39.0	753.8	0.00	0.0	349	5.00	791	3.1	0.17	4.8	0.000	0.082	25.3	54	15.3	25.4	0.00	226	1	99.1	10
06/07/25	4:30 p	30.2	30.2	30.1	66	23.1	0.9	N	0.54	5.4	N	30.2	34.7	34.7	37.2	753.9	0.00	0.0	205	2.94	248	1.7	0.09	2.0	0.000	0.082	25.2	54	15.2	25.3	0.00	231	1	100.0	10
06/07/25	4:40 p	29.7	30.1	29.4	67	22.9	0.4	NW	0.27	4.0	WNW	29.7	33.8	33.8	35.5	753.9	0.00	0.0	147	2.11	202	1.2	0.06	1.7	0.000	0.079	25.0	54	15.0	25.1	0.00	230	1	100.0	10
06/07/25	4:50 p	29.1	29.3	28.7	68	22.5	0.0	NNE	0.00	2.2	NNE	29.1	32.7	32.7	35.1	753.7	0.00	0.0	189	2.71	230	1.0	0.05	1.9	0.000	0.074	24.9	54	15.0	25.1	0.00	227	1	99.6	10
06/07/25	5:00 p	28.5	28.7	28.3	70	22.5	0.4	NW	0.27	2.7	NE	28.5	31.8	31.8	35.9	753.7	0.00	0.0	306	4.39	619	2.1	0.11	3.1	0.000	0.071	24.8	54	14.8	24.9	0.23	225	1	98.7	10
06/07/25	5:10 p	28.3	28.3	28.2	71	22.5	0.0	NNE	0.00	1.3	N	28.3	31.4	31.4	32.5	753.6	0.00	0.0	101	1.45	135	1.3	0.07	1.7	0.000	0.069	24.8	54	14.8	24.9	0.00	227	1	99.6	10
06/07/25	5:20 p	28.1	28.2	28.1	72	22.6	0.0	N	0.00	1.3	N	28.1	31.2	31.2	32.3	753.6	0.00	0.0	96	1.38	107	1.0	0.05	1.1	0.000	0.068	24.6	55	15.0	24.8	0.00	228	1	100.0	10
06/07/25	5:30 p	28.0	28.1	27.9	73	22.7	0.0	NE	0.00	1.8	NW	28.0	31.1	31.1	31.9	753.6	0.00	0.0	76	1.09	83	0.8	0.04	0.9	0.000	0.067	24.7	54	14.7	24.8	0.00	225	1	98.7	10
06/07/25	5:40 p	27.7	27.9	27.4	74	22.6	0.0	N	0.00	0.9	N	27.7	30.4	30.4	32.3	753.7	0.00	0.0	132	1.89	251	0.9	0.05	1.4	0.000	0.065	24.4	55	14.8	24.6	0.00	229	1	100.0	10
06/07/25	5:50 p	27.4	27.4	27.3	75	22.6	0.0	N	0.00	1.3	N	27.4	30.0	30.0	32.7	753.8	0.00	0.0	171	2.45	487	1.1	0.06	1.9	0.000	0.063	24.4	55	14.8	24.6	0.00	230	1	100.0	10
06/07/25	6:00 p	27.2	27.3	27.0	76	22.6	0.9	N	0.54	5.8	NNE	27.2	29.8	29.8	30.8	753.9	0.00	0.0	78	1.12	98	0.5	0.03	0.7	0.000	0.062	24.5	55	14.9	24.7	0.08	230	1	100.0	10
06/07/25	6:10 p	26.8	27.0	26.6	77	22.4	0.9	N	0.54	4.9	NNW	26.8	29.1	29.1	30.9	754.0	0.00	0.0	116	1.66	142	0.8	0.04	0.9	0.000	0.059	24.3	55	14.7	24.5	0.00	223	1	97.8	10
06/07/25	6:20 p	26.3	26.6	26.1	78	22.2	0.9	NNW	0.54	4.0	NNW	26.3	28.4	28.4	29.1	753.9	0.00	0.0	61	0.87	83	0.5	0.03	0.8	0.000	0.056	24.4	55	14.8	24.6	0.00	228	1	100.0	10
06/07/25	6:30 p	26.0	26.1	25.9	79	22.1	0.4	N	0.27	2.2	NNW	26.0	28.0	28.0	28.7	754.0	0.00	0.0	55	0.79	58	0.3	0.02	0.6	0.000	0.053	24.3	55	14.7	24.5	0.00	231	1	100.0	10
06/07/25	6:40 p	25.9	25.9	25.8	79	22.0	0.4	N	0.27	3.1	N	25.9	27.8	27.8	28.3	754.1	0.00	0.0	45	0.65	51	0.0	0.00	0.0	0.000	0.052	24.2	55	14.6	24.4	0.00	230	1	100.0	10
06/07/25	6:50 p	25.6	25.8	25.5	80	21.9	0.4	N	0.27	2.7	NW	25.6	27.5	27.5	28.1	754.2	0.25	0.0	46	0.66	51	0.0	0.00	0.0	0.000	0.051	24.3	55	14.7	24.5	0.00	230	1	100.0	10
06/07/25	7:00 p	25.4	25.5	25.3	81	21.9	0.0	---	0.00	0.0	---	25.4	27.3	27.3	27.7	754.1	0.51	7.4	38	0.54	53	0.0	0.00	0.0	0.000	0.049	24.3	55	14.7	24.5	0.05	230	1	100.0	10
06/07/25	7:10 p	25.4	25.4	25.3	82	22.1	0.0	---	0.00	0.0	---	25.4	27.3	27.3	29.1	754.0	0.00	1.3	95	1.36	127	0.0	0.00	0.0	0.000	0.049	24.1	55	14.5	24.3	0.00	227	1	99.6	10
06/07/25	7:20 p	25.4	25.4	25.3	82	22.1	0.0	N	0.00	1.3	NNW	25.4	27.3	27.3	28.2	754.2	0.00	0.0	55	0.79	63	0.0	0.00	0.0	0.000	0.049	24.2	56	14.8	24.4	0.00	229	1	100.0	10
06/07/25	7:30 p	25.3	25.3	25.2	83	22.2	0.0	---	0.00	0.0	---	25.3	27.3	27.3	26.9	754.4	0.00	0.0	43	0.62	47	0.0	0.00	0.0	0.000	0.048	24.3	55	14.7	24.5	0.00	226	1	99.1	10
06/07/25	7:40 p	25.2	25.3	25.2	83	22.1	0.0	N	0.00	1.3	N	25.2	27.2	27.2	26.7	754.2	0.00	0.0	33	0.47	39	0.0	0.00	0.0	0.000	0.048	24.1	56	14.8	24.4	0.00	223	1	97.8	10
06/07/25	7:50 p	25.2	25.2	25.1	84	22.3	0.0	---	0.00	0.0	---	25.2	27.2	27.2	26.7	754.4	0.00	0.0	30	0.43	32	0.0	0.00	0.0	0.000	0.047	24.1	57	15.1	24.4	0.00	231	1	100.0	10
06/07/25	8:00 p	25.1	25.1	25.1	85	22.4	0.0	WSW	0.00	0.4	N	25.1	27.1	27.1	26.5	754.4	0.00	0.0	18	0.26	23	0.0	0.00	0.0	0.000	0.047	24.2	57	15.2	24.5	0.03	231	1	100.0	10
06/07/25	8:10 p	25.0	25.1	25.0	85	22.3	0.0	---	0.00	0.0	---	25.0	27.0	27.0	26.3	754.5	0.00	0.0	10	0.14	12	0.0	0.00	0.0	0.000	0.046	24.2	56	14.9	24.5	0.00	227	1	99.6	10
06/07/25	8:20 p	24.9	25.0	24.9	85	22.2	0.0	---	0.00	0.0	---	24.9	26.9	26.9	26.1	754.5	0.00	0.0	2	0.03	5	0.0	0.00	0.0	0.000	0.046	24.1	57	15.0	24.4	0.00	229	1	100.0	10
06/07/25	8:30 p	24.9	24.9	24.8	86	22.4	0.0	---	0.00	0.0	---	24.9	26.9	26.9	26.0	754.7	0.00	0.0	0	0.00	0	0.0	0.00	0.0	0.000	0.046	24.1	57	15.1	24.4	0.00	234	1	100.0	10
06/07/25	8:40 p	24.8	24.8	24.7	86	22.3	0.0	---	0.00	0.0	---	24.8	26.7	26.7	25.8	754.8	0.00	0.0	0	0.00	0	0.0	0.00	0.0	0.000	0.045	24.2	57	15.1	24.5	0.00	231	1	100.0	10
06/07/25	8:50 p	24.7	24.7	24.7	87	22.4	0.0	---	0.00	0.0	---	24.7	26.7	26.7	25.8	754.8	0.00	0.0	0	0.00	0	0.0	0.00	0.0	0.000	0.044	24.1	56	14.8	24.4	0.00	228	1	100.0	10
06/07/25	9:00 p	24.6	24.7	24.6	87	22.3	0.0	---	0.00	0.0	---	24.6	26.6	26.6	25.7	754.8	0.00	0.0	0	0.00	0	0.0	0.00	0.0	0.000	0.044	23.9	57	14.9	24.3	0.00	229	1	100.0	10
06/07/25	9:10 p	24.6	24.6	24.5	87	22.2	0.0	---	0.00	0.0	---	24.6	26.4	26.4	25.6	754.8	0.00	0.0	0	0.00	0	0.0	0.00	0.0	0.000	0.043	24.0	57	15.0	24.3	0.00	234	1	100.0	10
06/07/25	9:20 p	24.5	24.6	24.4	87	22.2	0.0	---	0.00	0.0	---	24.5	26.4	26.4	25.5	754.8	0.00	0.0	0	0.00	0	0.0	0.00	0.0	0.000	0.043	24.1	58	15.3	24.4	0.00	234	1	100.0	10
06/07/25	9:30 p	24.4	24.5	24.4	88	22.3	0.0	---	0.00	0.0	---	24.4	26.3	26.3	25.4	754.9	0.00	0.0	0	0.00	0	0.0	0.00	0.0	0.000	0.042	24.1	57	15.0	24.4	0.00	231	1	100.0	10
06/07/25	9:40 p	24.3	24.4	24.3	88	22.2	0.0	---	0.00	0.0	---	24.3	26.2	26.2	25.3	755.0	0.00	0.0	0	0.00	0	0.0	0.00	0.0	0.000	0.042	23.9	57	14.9	24.3	0.00	231	1	100.0	10
06/07/25	9:50 p	24.3	24.3	24.2	88	22.2	0.0	---	0.00	0.0	---	24.3	26.1	26.1	25.2	755.1	0.00	0.0	0	0.00	0	0.0	0.00	0.0	0.000	0.041	23.9	58	15.1	24.3	0.00	234	1	100.0	10
06/07/25	10:00 p	24.2	24.2	24.2	89	22.3	0.0	---	0.00	0.0	---	24.2	26.1	26.1	25.2	755.1	0.00	0.0	0	0.00	0	0.0	0.00	0.0	0.000	0.041	24.0	58	15.2	24.4	0.00	233	1	100.0	10
06/07/25	10:10 p	24.2	24.2	24.1	88	22.1	0.0	---	0.00	0.0	---	24.2	26.0	26.0	25.1	755.1	0.00	0.0	0	0.00	0	0.0	0.00	0.0	0.000	0.041	24.1	58	15.3	24.4	0.00	229	1	100.0	10
06/07/25	10:20 p	24.1	24.1	24.1	89	22.1	0.0	---	0.00	0.0	---	24.1	25.9	25.9	25.1	755.1	0.00	0.0	0	0.00	0	0.0	0.00	0.0	0.000	0.040	23.9	57	14.9	24.3	0.00	229	1	100.0	10
06/07/25	10:30 p	24.0	24.1	24.0	89	22.1	0.0	---	0.00	0.0	---	24.0	25.8	25.8	24.9	755.2	0.00	0.0	0	0.00	0	0.0	0.00	0.0	0.000	0.039	23.8	58	15.1	24.2	0.00	234	1	100.0	10
06/07/25	10:40 p	23.9	24.0	23.9	89	22.0	0.0	---	0.00	0.0	---	23.9	25.8	25.8	24.9	755.3	0.00	0.0	0	0.00	0	0.0	0.00	0.0	0.000	0.039	23.9	58	15.1	24.3	0.00	232	1	100.0	10
06/07/25	10:50 p	23.8	23.9	23.8	89	21.9	0.0	---	0.00	0.0	---	23.8	25.6	25.6	24.7	755.2	0.00	0.0	0	0.00	0	0.0	0.00	0.0	0.000	0.038	23.9	58	15.2	24.3	0.00	226	1	99.1	10
06/07/25	11:00 p	23.8	23.8	23.7	89	21.9	0.0	---	0.00	0.0	---	23.8	25.5	25.5	24.6	755.2	0.00	0.0	0	0.00	0	0.0	0.00	0.0	0.000	0.038	24.0	59	15.5	24.4	0.00	229	1	100.0	10
06/07/25	11:10 p	23.7	23.7	23.7	89	21.8	0.0	---	0.00	0.0	---	23.7	25.4	25.4	24.5	755.2	0.00	0.0	0	0.00	0	0.0	0.00	0.0	0.000	0.037	24.1	58	15.3	24.4	0.00	232	1	100.0	10
06/07/25	11:20 p	23.6	23.7	23.5	90	21.8	0.0	---	0.00	0.0	---	23.6	25.1	25.1	24.2	755.2	0.00	0.0	0	0.00	0	0.0	0.00	0.0	0.000	0.036	23.9	58	15.1	24.3	0.00	233	1	100.0	10
06/07/25	11:30 p	23.4	23.5	23.4	90	21.7	0.0	---	0.00	0.0	---	23.4	24.9	24.9	24.0	755.2	0.00	0.0	0	0.00	0	0.0	0.00	0.0	0.000	0.035	23.8	58	15.0	24.2	0.00	229	1	100.0	10
06/07/25	11:40 p	23.3	23.4	23.3	90	21.6	0.0	---	0.00	0.0	---	23.3	24.7	24.7	23.7	755.0	0.00	0.0	0	0.00	0	0.0	0.00	0.0	0.000	0.035	23.8	58	15.1	24.2	0.00	225	1	98.7	10
06/07/25	11:50 p	23.3	23.3	23.3	90	21.6	0.0	---	0.00	0.0	---	23.3	24.7	24.7	23.7	755.0	0.00	0.0	0	0.00	0	0.0	0.00	0.0	0.000	0.035	23.9	59	15.4	24.3	0.00	229	1	100.0	10
06/08/25	12:00 a	23.3	23.3	23.3	90	21.5	0.0	---	0.00	0.0	---	23.3	24.6	24.6	23.7	755.1	0.00	0.0	0	0.00	0	0.0	0.00	0.0	0.000	0.034	23.9	59	15.4	24.4	0.00	227	1	99.6	10
06/08/25	12:10 a	23.2	23.3	23.2	90	21.5	0.0	---	0.00	0.0	---	23.2	24.6	24.6	23.6	755.0	0.00	0.0	0	0.00	0	0.0	0.00	0.0	0.000	0.034	24.0	58	15.2	24.4	0.00	222	1	97.4	10
06/08/25	12:20 a	23.2	23.2	23.1	90	21.4	0.0	---	0.00	0.0	---	23.2	24.5	24.5	23.6	755.0	0.00	0.0	0	0.00	0	0.0	0.00	0.0	0.000	0.034	23.8	58	15.0	24.2	0.00	221	1	96.9	10
06/08/25	12:30 a	23.1	23.1	22.9	91	21.5	0.0	---	0.00	0.0	---	23.1	24.4	24.4	23.5	754.9	0.00	0.0	0	0.00	0	0.0	0.00	0.0	0.000	0.033	23.7	58	14.9	24.0	0.00	226	1	99.1	10
06/08/25	12:40 a	22.9	22.9	22.9	91	21.3	0.0	---	0.00	0.0	---	22.9	24.3	24.3	23.4	754.7	0.00	0.0	0	0.00	0	0.0	0.00	0.0	0.000	0.032	23.7	59	15.2	24.2	0.00	227	1	99.6	10
06/08/25	12:50 a	22.9	22.9	22.8	91	21.3	0.0	---	0.00	0.0	---	22.9	24.3	24.3	23.4	754.6	0.00	0.0	0	0.00	0	0.0	0.00	0.0	0.000	0.032	23.8	59	15.3	24.2	0.00	227	1	99.6	10
06/08/25	1:00 a	22.8	22.9	22.8	91	21.3	0.0	---	0.00	0.0	---	22.8	24.3	24.3	23.3	754.5	0.00	0.0	0	0.00	0	0.0	0.00	0.0	0.000	0.031	23.8	60	15.6	24.3	0.00	220	1	96.5	10
06/08/25	1:10 a	22.8	22.8	22.8	91	21.3	0.0	---	0.00	0.0	---	22.8	24.3	24.3	23.3	754.6	0.00	0.0	0	0.00	0	0.0	0.00	0.0	0.000	0.031	23.8	58	15.1	24.2	0.00	225	1	98.7	10
06/08/25	1:20 a	22.8	22.8	22.7	91	21.2	0.0	---	0.00	0.0	---	22.8	24.2	24.2	23.3	754.6	0.00	0.0	0	0.00	0	0.0	0.00	0.0	0.000	0.031	23.7	58	14.9	24.0	0.00	214	1	93.9	10
06/08/25	1:30 a	22.7	22.7	22.6	91	21.1	0.0	---	0.00	0.0	---	22.7	24.1	24.1	23.1	754.5	0.00	0.0	0	0.00	0	0.0	0.00	0.0	0.000	0.030	23.6	58	14.9	23.9	0.00	219	1	96.1	10
06/08/25	1:40 a	22.6	22.7	22.6	91	21.1	0.0	---	0.00	0.0	---	22.6	24.0	24.0	23.1	754.4	0.25	0.0	0	0.00	0	0.0	0.00	0.0	0.000	0.030	23.7	59	15.2	24.1	0.00	211	1	92.5	10
06/08/25	1:50 a	22.6	22.6	22.6	91	21.1	0.0	---	0.00	0.0	---	22.6	24.0	24.0	23.1	754.4	0.00	0.0	0	0.00	0	0.0	0.00	0.0	0.000	0.030	23.7	59	15.2	24.2	0.00	216	1	94.7	10
06/08/25	2:00 a	22.6	22.6	22.5	91	21.0	0.0	---	0.00	0.0	---	22.6	23.9	23.9	23.0	754.3	0.00	0.0	0	0.00	0	0.0	0.00	0.0	0.000	0.029	23.7	60	15.5	24.2	0.00	218	1	95.6	10
06/08/25	2:10 a	22.5	22.5	22.5	91	21.0	0.0	---	0.00	0.0	---	22.5	23.8	23.8	22.9	754.2	0.00	0.0	0	0.00	0	0.0	0.00	0.0	0.000	0.029	23.8	60	15.5	24.3	0.00	216	1	94.7	10
06/08/25	2:20 a	22.5	22.6	22.4	91	21.0	0.0	---	0.00	0.0	---	22.5	23.8	23.8	22.9	754.4	0.00	0.0	0	0.00	0	0.0	0.00	0.0	0.000	0.029	23.8	61	15.8	24.3	0.00	215	1	94.3	10
06/08/25	2:30 a	22.4	22.5	22.4	92	21.1	0.0	---	0.00	0.0	---	22.4	23.8	23.8	22.9	754.4	0.00	0.0	0	0.00	0	0.0	0.00	0.0	0.000	0.029	23.8	61	15.9	24.4	0.00	221	1	96.9	10
06/08/25	2:40 a	22.4	22.4	22.3	92	21.0	0.0	---	0.00	0.0	---	22.4	23.8	23.8	22.8	754.3	0.00	0.0	0	0.00	0	0.0	0.00	0.0	0.000	0.028	23.8	59	15.3	24.3	0.00	222	1	97.4	10
06/08/25	2:50 a	22.3	22.3	22.3	92	21.0	0.0	---	0.00	0.0	---	22.3	23.7	23.7	22.8	754.3	0.00	0.0	0	0.00	0	0.0	0.00	0.0	0.000	0.028	23.7	59	15.2	24.1	0.00	218	1	95.6	10
06/08/25	3:00 a	22.3	22.4	22.3	92	21.0	0.0	---	0.00	0.0	---	22.3	23.7	23.7	22.8	754.3	0.00	0.0	0	0.00	0	0.0	0.00	0.0	0.000	0.028	23.6	59	15.1	23.9	0.00	221	1	96.9	10
06/08/25	3:10 a	22.3	22.4	22.3	92	21.0	0.0	---	0.00	0.0	---	22.3	23.7	23.7	22.8	754.2	0.00	0.0	0	0.00	0	0.0	0.00	0.0	0.000	0.028	23.6	60	15.4	24.1	0.00	227	1	99.6	10
06/08/25	3:20 a	22.3	22.4	22.3	92	21.0	0.0	---	0.00	0.0	---	22.3	23.7	23.7	22.8	754.1	0.00	0.0	0	0.00	0	0.0	0.00	0.0	0.000	0.028	23.7	60	15.4	24.1	0.00	225	1	98.7	10
06/08/25	3:30 a	22.3	22.3	22.3	92	21.0	0.0	---	0.00	0.0	---	22.3	23.7	23.7	22.8	754.0	0.00	0.0	0	0.00	0	0.0	0.00	0.0	0.000	0.028	23.7	61	15.7	24.2	0.00	224	1	98.2	10
06/08/25	3:40 a	22.4	22.4	22.3	92	21.0	0.0	---	0.00	0.0	---	22.4	23.8	23.8	22.8	753.9	0.00	0.0	0	0.00	0	0.0	0.00	0.0	0.000	0.028	23.7	61	15.8	24.2	0.00	217	1	95.2	10
06/08/25	3:50 a	22.4	22.4	22.4	92	21.0	0.0	---	0.00	0.0	---	22.4	23.8	23.8	22.8	753.9	0.00	0.0	0	0.00	0	0.0	0.00	0.0	0.000	0.028	23.7	61	15.8	24.2	0.00	223	1	97.8	10
06/08/25	4:00 a	22.4	22.4	22.3	92	21.0	0.0	---	0.00	0.0	---	22.4	23.8	23.8	22.8	753.7	0.00	0.0	0	0.00	0	0.0	0.00	0.0	0.000	0.028	23.8	61	15.8	24.3	0.00	221	1	96.9	10
06/08/25	4:10 a	22.4	22.4	22.3	92	21.0	0.0	---	0.00	0.0	---	22.4	23.8	23.8	22.8	753.7	0.00	0.0	0	0.00	0	0.0	0.00	0.0	0.000	0.028	23.6	59	15.1	24.0	0.00	225	1	98.7	10
06/08/25	4:20 a	22.4	22.4	22.4	92	21.1	0.0	---	0.00	0.0	---	22.4	23.8	23.8	22.9	753.6	0.00	0.0	0	0.00	0	0.0	0.00	0.0	0.000	0.029	23.5	60	15.3	23.9	0.00	217	1	95.2	10
06/08/25	4:30 a	22.4	22.4	22.3	92	21.0	0.0	---	0.00	0.0	---	22.4	23.8	23.8	22.8	753.7	0.00	0.0	0	0.00	0	0.0	0.00	0.0	0.000	0.028	23.5	60	15.3	23.9	0.00	223	1	97.8	10
06/08/25	4:40 a	22.3	22.3	22.3	92	21.0	0.0	---	0.00	0.0	---	22.3	23.7	23.7	22.8	753.6	0.00	0.0	0	0.00	0	0.0	0.00	0.0	0.000	0.028	23.6	60	15.3	24.0	0.00	223	1	97.8	10
06/08/25	4:50 a	22.3	22.3	22.3	92	21.0	0.0	---	0.00	0.0	---	22.3	23.7	23.7	22.8	753.7	0.00	0.0	0	0.00	0	0.0	0.00	0.0	0.000	0.028	23.6	60	15.3	24.0	0.00	221	1	96.9	10
06/08/25	5:00 a	22.3	22.3	22.3	92	20.9	0.0	---	0.00	0.0	---	22.3	23.7	23.7	22.7	753.5	0.00	0.0	0	0.00	0	0.0	0.00	0.0	0.000	0.027	23.6	61	15.6	24.1	0.00	218	1	95.6	10
06/08/25	5:10 a	22.3	22.3	22.3	93	21.1	0.0	---	0.00	0.0	---	22.3	23.8	23.8	22.8	753.4	0.00	0.0	0	0.00	0	0.0	0.00	0.0	0.000	0.028	23.6	61	15.6	24.1	0.00	222	1	97.4	10
06/08/25	5:20 a	22.3	22.3	22.3	93	21.1	0.0	---	0.00	0.0	---	22.3	23.8	23.8	22.8	753.3	0.00	0.0	0	0.00	0	0.0	0.00	0.0	0.000	0.028	23.7	61	15.7	24.2	0.00	223	1	97.8	10
06/08/25	5:30 a	22.3	22.3	22.3	93	21.1	0.0	---	0.00	0.0	---	22.3	23.8	23.8	22.8	753.5	0.00	0.0	0	0.00	0	0.0	0.00	0.0	0.000	0.028	23.7	61	15.7	24.2	0.00	222	1	97.4	10
06/08/25	5:40 a	22.3	22.4	22.3	93	21.1	0.0	---	0.00	0.0	---	22.3	23.8	23.8	22.8	753.5	0.00	0.0	0	0.00	0	0.0	0.00	0.0	0.000	0.028	23.7	62	16.0	24.2	0.00	215	1	94.3	10
06/08/25	5:50 a	22.3	22.3	22.2	93	21.1	0.0	---	0.00	0.0	---	22.3	23.7	23.7	22.8	753.6	0.00	0.0	0	0.00	0	0.0	0.00	0.0	0.000	0.027	23.7	62	16.0	24.2	0.00	223	1	97.8	10
06/08/25	6:00 a	22.2	22.3	22.2	93	21.0	0.0	---	0.00	0.0	---	22.2	23.7	23.7	22.7	753.8	0.00	0.0	2	0.03	5	0.0	0.00	0.0	0.000	0.027	23.7	63	16.3	24.3	0.00	223	1	97.8	10
06/08/25	6:10 a	22.3	22.3	22.2	93	21.1	0.0	---	0.00	0.0	---	22.3	23.7	23.7	22.8	754.0	0.00	0.0	4	0.06	5	0.0	0.00	0.0	0.000	0.027	23.7	63	16.3	24.3	0.00	223	1	97.8	10
06/08/25	6:20 a	22.3	22.4	22.3	93	21.1	0.0	---	0.00	0.0	---	22.3	23.8	23.8	22.9	754.0	0.00	0.0	1	0.01	5	0.0	0.00	0.0	0.000	0.028	23.7	60	15.5	24.2	0.00	221	1	96.9	10
06/08/25	6:30 a	22.4	22.4	22.3	93	21.2	0.0	---	0.00	0.0	---	22.4	23.8	23.8	22.9	754.2	0.00	0.0	0	0.00	0	0.0	0.00	0.0	0.000	0.028	23.5	60	15.3	23.9	0.00	221	1	96.9	10
06/08/25	6:40 a	22.4	22.4	22.3	93	21.2	0.0	---	0.00	0.0	---	22.4	23.8	23.8	22.9	754.7	0.00	0.0	0	0.00	0	0.0	0.00	0.0	0.000	0.028	23.4	61	15.5	23.9	0.00	224	1	98.2	10
06/08/25	6:50 a	22.4	22.4	22.4	93	21.2	0.0	---	0.00	0.0	---	22.4	23.8	23.8	22.9	754.9	0.51	7.1	3	0.04	5	0.0	0.00	0.0	0.000	0.028	23.5	61	15.5	24.0	0.00	224	1	98.2	10
06/08/25	7:00 a	22.6	22.6	22.4	93	21.4	0.0	---	0.00	0.0	---	22.6	24.0	24.0	23.2	755.0	1.27	14.5	9	0.13	11	0.0	0.00	0.0	0.000	0.029	23.5	61	15.5	24.0	0.00	219	1	96.1	10
06/08/25	7:10 a	22.6	22.7	22.6	93	21.4	0.0	---	0.00	0.0	---	22.6	24.1	24.1	23.8	755.1	0.25	4.3	15	0.22	16	0.0	0.00	0.0	0.000	0.030	23.6	61	15.6	24.1	0.00	223	1	97.8	10
06/08/25	7:20 a	22.7	22.7	22.6	93	21.5	0.0	---	0.00	0.0	---	22.7	24.2	24.2	24.1	754.6	0.25	2.0	23	0.33	33	0.0	0.00	0.0	0.000	0.030	23.6	62	15.8	24.1	0.00	230	1	100.0	10
06/08/25	7:30 a	22.7	22.8	22.7	93	21.5	0.0	---	0.00	0.0	---	22.7	24.2	24.2	24.8	754.3	0.25	2.0	48	0.69	54	0.0	0.00	0.0	0.000	0.030	23.6	62	15.9	24.2	0.00	227	1	99.6	10
06/08/25	7:40 a	22.8	22.9	22.8	93	21.6	0.0	---	0.00	0.0	---	22.8	24.3	24.3	25.5	754.0	0.00	1.0	73	1.05	84	0.5	0.03	0.7	0.000	0.031	23.7	62	16.0	24.2	0.00	224	1	98.2	10
06/08/25	7:50 a	22.8	22.9	22.8	93	21.6	0.0	---	0.00	0.0	---	22.8	24.3	24.3	26.6	754.3	0.00	0.0	123	1.76	146	0.8	0.04	0.8	0.000	0.031	23.7	63	16.2	24.3	0.00	229	1	100.0	10
06/08/25	8:00 a	22.8	22.9	22.8	93	21.6	0.0	---	0.00	0.0	---	22.8	24.3	24.3	26.1	754.4	0.00	0.0	106	1.52	135	0.6	0.03	0.7	0.000	0.031	23.7	64	16.5	24.4	0.05	230	1	100.0	10
06/08/25	8:10 a	22.9	22.9	22.8	93	21.7	0.0	---	0.00	0.0	---	22.9	24.4	24.4	25.6	754.4	0.00	0.0	83	1.19	97	0.5	0.03	0.6	0.000	0.032	23.8	64	16.6	24.4	0.00	227	1	99.6	10
06/08/25	8:20 a	22.9	23.0	22.9	93	21.8	0.0	---	0.00	0.0	---	22.9	24.4	24.4	26.1	754.4	0.00	0.0	108	1.55	114	0.7	0.04	0.8	0.000	0.032	23.8	64	16.6	24.4	0.00	225	1	98.7	10
06/08/25	8:30 a	23.0	23.0	22.9	93	21.8	0.0	---	0.00	0.0	---	23.0	24.5	24.5	26.6	754.4	0.00	0.0	134	1.92	206	1.0	0.05	1.3	0.000	0.032	23.8	61	15.8	24.3	0.00	226	1	99.1	10
06/08/25	8:40 a	23.1	23.2	23.0	93	21.9	0.0	---	0.00	0.0	---	23.1	24.6	24.6	28.4	754.3	0.00	0.0	239	3.43	345	1.5	0.08	1.7	0.000	0.033	23.6	61	15.6	24.1	0.00	225	1	98.7	10
06/08/25	8:50 a	23.2	23.3	23.2	93	22.0	0.0	---	0.00	0.0	---	23.2	24.7	24.7	27.2	754.3	0.00	0.0	170	2.44	446	1.5	0.08	2.4	0.000	0.034	23.6	62	15.9	24.2	0.00	232	1	100.0	10
06/08/25	9:00 a	23.3	23.4	23.2	93	22.1	0.0	---	0.00	0.0	---	23.3	24.9	24.9	29.5	754.3	0.00	0.0	314	4.50	385	2.0	0.11	2.7	0.000	0.035	23.7	62	16.0	24.2	0.10	227	1	99.6	10
06/08/25	9:10 a	23.5	23.6	23.4	93	22.3	0.0	---	0.00	0.0	---	23.5	25.2	25.2	28.7	754.5	0.00	0.0	242	3.47	278	1.7	0.09	1.8	0.000	0.036	23.8	62	16.1	24.3	0.00	229	1	100.0	10
06/08/25	9:20 a	23.6	23.6	23.6	93	22.4	0.0	---	0.00	0.0	---	23.6	25.3	25.3	27.9	754.6	0.00	0.0	194	2.78	234	1.5	0.08	1.7	0.000	0.036	23.8	63	16.4	24.4	0.00	232	1	100.0	10
06/08/25	9:30 a	23.6	23.6	23.5	93	22.4	0.4	SW	0.27	2.2	WNW	23.6	25.3	25.3	27.7	754.5	0.00	0.0	184	2.64	244	1.4	0.08	1.8	0.000	0.036	23.9	63	16.4	24.5	0.00	232	1	100.0	10
06/08/25	9:40 a	23.6	23.6	23.5	93	22.4	0.0	---	0.00	0.0	---	23.6	25.3	25.3	27.1	754.5	0.00	0.0	150	2.15	156	1.2	0.06	1.3	0.000	0.036	23.9	62	16.2	24.5	0.00	230	1	100.0	10
06/08/25	9:50 a	23.5	23.6	23.5	93	22.3	0.0	---	0.00	0.0	---	23.5	25.2	25.2	27.1	754.5	0.00	0.0	162	2.32	204	1.4	0.08	1.8	0.000	0.036	23.8	61	15.9	24.4	0.00	229	1	100.0	10
06/08/25	10:00 a	23.6	23.7	23.5	93	22.4	0.0	NNW	0.00	0.4	NNW	23.6	25.4	25.4	28.8	754.6	0.00	0.0	271	3.88	353	2.3	0.12	2.8	0.000	0.037	23.8	61	15.8	24.3	0.13	232	1	100.0	10
06/08/25	10:10 a	23.7	23.7	23.6	93	22.5	0.0	W	0.00	2.2	SW	23.7	25.5	25.5	29.7	754.5	0.00	0.0	348	4.99	381	2.9	0.16	3.0	0.000	0.037	23.8	62	16.1	24.4	0.00	233	1	100.0	10
06/08/25	10:20 a	23.7	23.8	23.7	93	22.5	0.0	NW	0.00	1.3	NNE	23.7	25.6	25.6	29.2	754.5	0.00	0.0	307	4.40	390	3.0	0.16	4.1	0.000	0.037	23.9	63	16.4	24.5	0.00	226	1	99.1	10
06/08/25	10:30 a	23.9	24.0	23.8	93	22.7	0.0	SW	0.00	3.1	WSW	23.9	25.9	25.9	32.1	754.5	0.00	0.0	586	8.40	837	4.6	0.25	5.8	0.000	0.039	24.0	63	16.5	24.6	0.00	229	1	100.0	10
06/08/25	10:40 a	24.1	24.3	24.0	93	22.9	0.0	SW	0.00	2.7	SW	24.1	26.2	26.2	32.8	754.5	0.00	0.0	827	11.86	875	5.9	0.32	6.1	0.000	0.040	24.1	61	16.1	24.6	0.00	230	1	100.0	10
06/08/25	10:50 a	24.4	24.5	24.3	92	23.0	0.9	SW	0.54	4.9	SW	24.4	26.4	26.4	32.7	754.6	0.00	0.0	600	8.60	861	5.5	0.29	6.6	0.000	0.042	24.0	61	16.0	24.5	0.00	227	1	99.6	10
06/08/25	11:00 a	24.6	24.8	24.5	92	23.2	0.9	SW	0.54	4.5	WSW	24.6	26.8	26.8	33.5	754.6	0.00	0.0	885	12.69	905	5.3	0.28	6.6	0.000	0.044	24.1	61	16.1	24.6	0.33	226	1	99.1	10
06/08/25	11:10 a	24.9	24.9	24.8	92	23.5	0.9	SW	0.54	4.0	WSW	24.9	27.2	27.2	33.7	754.6	0.00	0.0	827	11.86	974	5.7	0.31	7.0	0.000	0.046	24.2	61	16.2	24.7	0.00	227	1	99.6	10
06/08/25	11:20 a	25.1	25.2	24.9	91	23.5	0.4	SW	0.27	4.9	SW	25.1	27.4	27.4	30.9	754.7	0.00	0.0	308	4.42	350	4.6	0.25	7.0	0.000	0.047	24.3	62	16.6	24.8	0.00	229	1	100.0	10
06/08/25	11:30 a	25.2	25.2	25.2	91	23.6	1.8	SW	1.07	5.4	SW	25.2	27.7	27.7	34.5	754.6	0.00	0.0	761	10.91	1137	6.5	0.35	8.0	0.000	0.048	24.4	60	16.1	24.8	0.00	230	1	100.0	10
06/08/25	11:40 a	25.3	25.3	25.2	90	23.6	1.8	SW	1.07	4.5	WSW	25.3	27.8	27.8	33.8	754.6	0.00	0.0	572	8.20	889	5.6	0.30	7.6	0.000	0.049	24.3	60	16.0	24.7	0.00	226	1	99.1	10
06/08/25	11:50 a	25.4	25.4	25.3	89	23.4	2.2	SW	1.34	5.4	WSW	25.4	27.8	27.8	34.0	754.9	0.00	0.0	920	13.19	974	7.3	0.39	8.2	0.000	0.049	24.3	60	16.1	24.7	0.00	222	1	97.4	10
06/08/25	12:00 p	25.5	25.6	25.4	90	23.7	2.2	SSW	1.34	4.0	SW	25.5	28.1	28.1	34.7	754.9	0.00	0.0	892	12.79	1074	7.0	0.38	8.5	0.000	0.050	24.5	60	16.2	24.9	0.43	225	1	98.7	10
06/08/25	12:10 p	25.6	25.7	25.6	89	23.7	1.8	SSW	1.07	3.6	SW	25.6	28.2	28.2	33.8	754.9	0.00	0.0	519	7.44	591	6.6	0.35	8.7	0.000	0.051	24.5	59	16.0	24.8	0.00	226	1	99.1	10
06/08/25	12:20 p	25.7	25.7	25.6	89	23.7	2.2	SSW	1.34	5.4	SW	25.7	28.3	28.3	33.1	754.9	0.00	0.0	429	6.15	573	5.4	0.29	7.5	0.000	0.051	24.4	59	15.9	24.7	0.00	224	1	98.2	10
06/08/25	12:30 p	25.7	25.7	25.6	89	23.7	2.2	SW	1.34	4.9	SW	25.7	28.3	28.3	35.2	754.7	0.00	0.0	876	12.56	946	7.7	0.41	9.1	0.000	0.051	24.5	60	16.2	24.9	0.00	230	1	100.0	10
06/08/25	12:40 p	25.8	25.9	25.7	88	23.7	2.2	SW	1.34	3.6	SSW	25.8	28.6	28.6	35.5	754.5	0.00	0.0	862	12.36	926	7.9	0.42	8.4	0.000	0.052	24.6	58	15.8	24.9	0.00	228	1	100.0	10
06/08/25	12:50 p	25.9	25.9	25.9	88	23.8	1.8	SSW	1.07	4.0	S	25.9	28.8	28.8	35.8	754.5	0.00	0.0	820	11.75	889	7.8	0.42	8.2	0.000	0.053	24.6	59	16.0	24.9	0.00	226	1	99.1	10
06/08/25	1:00 p	25.9	26.0	25.9	87	23.6	1.8	SW	1.07	4.9	WSW	25.9	28.7	28.7	35.7	754.2	0.00	0.0	852	12.21	900	8.1	0.43	8.4	0.000	0.053	24.7	59	16.1	25.1	0.48	220	1	96.5	10
06/08/25	1:10 p	26.1	26.2	26.0	87	23.8	1.8	SW	1.07	4.5	SW	26.1	28.9	28.9	35.9	754.1	0.00	0.0	870	12.47	932	8.2	0.44	8.6	0.000	0.054	24.7	58	15.8	25.0	0.00	221	1	96.9	10
06/08/25	1:20 p	26.3	26.3	26.2	86	23.7	2.2	SW	1.34	4.5	SSW	26.3	29.2	29.2	36.1	754.1	0.00	0.0	891	12.77	925	8.3	0.44	8.5	0.000	0.055	24.7	59	16.1	25.1	0.00	220	1	96.5	10
06/08/25	1:30 p	26.3	26.5	26.3	85	23.6	1.8	SW	1.07	4.5	SW	26.3	29.2	29.2	36.0	754.2	0.00	0.0	904	12.96	940	8.3	0.44	8.6	0.000	0.056	24.8	58	16.0	25.2	0.00	221	1	96.9	10
06/08/25	1:40 p	26.6	26.7	26.5	85	23.8	1.8	SW	1.07	4.5	WSW	26.6	29.6	29.6	36.5	754.0	0.00	0.0	777	11.14	935	6.8	0.36	8.2	0.000	0.057	24.8	58	16.0	25.1	0.00	223	1	97.8	10
06/08/25	1:50 p	26.7	26.8	26.7	85	24.0	1.3	SSW	0.80	4.0	SW	26.7	29.9	29.9	36.8	753.9	0.00	0.0	875	12.54	974	7.2	0.39	8.5	0.000	0.058	24.8	58	16.0	25.1	0.00	225	1	98.7	10
06/08/25	2:00 p	26.9	26.9	26.8	84	24.0	1.8	SSW	1.07	3.6	SW	26.9	30.1	30.1	36.7	753.8	0.00	0.0	921	13.20	977	7.7	0.41	8.4	0.000	0.059	24.9	57	15.8	25.2	0.53	229	1	100.0	10
06/08/25	2:10 p	26.9	27.0	26.9	83	23.8	1.3	SSW	0.80	3.6	SW	26.9	30.1	30.1	37.1	753.8	0.00	0.0	826	11.84	991	7.2	0.39	8.3	0.000	0.060	24.8	57	15.7	25.1	0.00	227	1	99.6	10
06/08/25	2:20 p	27.0	27.0	26.9	83	23.9	1.3	E	0.80	4.0	ESE	27.0	30.2	30.2	37.0	753.5	0.00	0.0	874	12.53	944	7.4	0.40	7.9	0.000	0.060	24.9	57	15.8	25.2	0.00	223	1	97.8	10
06/08/25	2:30 p	27.2	27.3	27.0	83	24.0	1.3	SSW	0.80	4.0	SW	27.2	30.6	30.6	37.5	753.4	0.00	0.0	844	12.10	983	6.8	0.36	8.0	0.000	0.061	24.8	57	15.7	25.1	0.00	219	1	96.1	10
06/08/25	2:40 p	27.3	27.4	27.3	82	24.0	1.8	SW	1.07	3.1	SSW	27.3	30.8	30.8	36.9	753.4	0.00	0.0	593	8.50	1160	6.0	0.32	8.0	0.000	0.062	24.8	57	15.7	25.1	0.00	221	1	96.9	10
06/08/25	2:50 p	27.4	27.5	27.4	82	24.1	1.3	WSW	0.80	2.7	SW	27.4	31.1	31.1	37.1	753.3	0.00	0.0	576	8.26	642	5.5	0.29	7.0	0.000	0.063	24.9	56	15.5	25.1	0.00	226	1	99.1	10
06/08/25	3:00 p	27.6	27.6	27.4	82	24.2	1.3	SW	0.80	2.7	SW	27.6	31.4	31.4	37.9	753.1	0.00	0.0	662	9.49	803	5.6	0.30	6.5	0.000	0.064	24.8	57	15.7	25.1	0.48	218	1	95.6	10
06/08/25	3:10 p	27.6	27.6	27.5	82	24.2	1.8	SW	1.07	4.0	SW	27.6	31.4	31.4	36.7	753.1	0.00	0.0	478	6.85	684	4.0	0.21	4.9	0.000	0.064	24.8	56	15.5	25.1	0.00	218	1	95.6	10
06/08/25	3:20 p	27.4	27.5	27.4	82	24.1	1.8	SW	1.07	4.0	SW	27.4	31.1	31.1	35.4	753.0	0.00	0.0	380	5.45	457	3.8	0.20	4.2	0.000	0.063	24.7	57	15.6	25.0	0.00	223	1	97.8	10
06/08/25	3:30 p	27.5	27.5	27.4	82	24.2	1.8	SW	1.07	2.7	SW	27.5	31.3	31.3	33.9	752.9	0.00	0.0	229	3.28	290	2.9	0.16	4.7	0.000	0.064	24.8	56	15.5	25.1	0.00	221	1	96.9	10
06/08/25	3:40 p	27.6	27.6	27.5	82	24.2	0.4	SW	0.27	1.3	SSW	27.6	31.4	31.4	31.9	753.1	0.00	0.0	81	1.16	155	0.8	0.04	1.7	0.000	0.064	24.7	57	15.6	24.9	0.00	220	1	96.5	10
06/08/25	3:50 p	27.6	27.6	27.4	82	24.2	0.9	NNE	0.54	1.8	NNE	27.6	31.4	31.4	31.2	753.1	0.76	31.2	26	0.37	44	0.0	0.00	0.0	0.000	0.064	24.7	57	15.6	25.0	0.00	229	1	100.0	10
06/08/25	4:00 p	26.6	27.4	25.5	82	23.3	2.2	SE	1.34	7.2	NE	26.6	29.3	29.3	30.7	753.3	11.94	187.5	138	1.98	809	1.5	0.08	5.4	0.000	0.057	24.6	57	15.5	24.9	0.18	226	1	99.1	10
06/08/25	4:10 p	24.7	25.4	24.3	84	21.8	1.3	SSW	0.80	4.9	N	24.7	26.6	26.6	33.1	753.1	0.76	99.6	631	9.05	823	4.5	0.24	5.6	0.000	0.044	24.6	57	15.5	24.9	0.00	222	1	97.4	10
06/08/25	4:20 p	24.3	24.3	24.2	85	21.6	0.0	SSW	0.00	0.4	SSW	24.3	26.0	26.0	31.2	752.9	0.00	0.0	446	6.39	522	3.3	0.18	3.9	0.000	0.041	24.9	56	15.5	25.1	0.00	218	1	95.6	10
06/08/25	4:30 p	24.3	24.3	24.2	85	21.6	0.9	SW	0.54	2.2	WSW	24.3	26.0	26.0	31.2	753.2	0.00	0.0	432	6.19	559	3.0	0.16	3.3	0.000	0.041	24.8	56	15.4	25.0	0.00	221	1	96.9	10
06/08/25	4:40 p	24.4	24.6	24.3	86	21.9	0.4	SW	0.27	1.3	SW	24.4	26.2	26.2	31.7	753.2	0.00	0.0	450	6.45	582	3.2	0.17	4.0	0.000	0.042	24.8	56	15.4	25.0	0.00	224	1	98.2	10
06/08/25	4:50 p	24.7	24.8	24.6	87	22.4	0.0	WSW	0.00	0.4	WSW	24.7	26.6	26.6	31.1	753.2	0.00	0.0	341	4.89	547	2.7	0.14	3.5	0.000	0.044	24.8	55	15.2	25.0	0.00	228	1	100.0	10
06/08/25	5:00 p	24.9	25.1	24.8	87	22.6	0.0	---	0.00	0.0	---	24.9	27.0	27.0	31.4	753.3	0.00	0.0	322	4.62	418	2.1	0.11	2.3	0.000	0.046	24.6	56	15.2	24.8	0.28	224	1	98.2	10
06/08/25	5:10 p	25.1	25.2	25.1	87	22.8	0.4	WSW	0.27	1.3	WSW	25.1	27.3	27.3	31.8	753.1	0.00	0.0	321	4.60	466	2.0	0.11	2.3	0.000	0.047	24.6	56	15.2	24.8	0.00	227	1	99.6	10
06/08/25	5:20 p	25.1	25.1	25.0	87	22.7	0.0	SSW	0.00	1.3	N	25.1	27.2	27.2	32.8	753.1	0.00	0.0	404	5.79	531	2.3	0.12	2.6	0.000	0.047	24.7	56	15.3	24.9	0.00	230	1	100.0	10
06/08/25	5:30 p	25.3	25.4	25.1	88	23.1	0.9	W	0.54	2.7	W	25.3	27.6	27.6	32.1	753.0	0.00	0.0	293	4.20	404	1.8	0.10	2.0	0.000	0.048	24.5	56	15.1	24.7	0.00	232	1	100.0	10
06/08/25	5:40 p	25.5	25.5	25.4	88	23.4	0.4	ESE	0.27	2.7	E	25.5	28.0	28.0	31.0	753.0	0.00	0.0	189	2.71	234	1.3	0.07	1.5	0.000	0.050	24.5	57	15.4	24.8	0.00	225	1	98.7	10
06/08/25	5:50 p	25.6	25.7	25.5	88	23.4	0.4	WSW	0.27	1.8	S	25.6	28.1	28.1	32.4	752.7	0.00	0.0	266	3.81	406	1.4	0.08	1.6	0.000	0.050	24.6	56	15.2	24.8	0.00	225	1	98.7	10
06/08/25	6:00 p	25.6	25.7	25.6	89	23.7	0.4	SE	0.27	1.8	SW	25.6	28.2	28.2	32.3	752.7	0.00	0.0	236	3.38	290	1.2	0.06	1.4	0.000	0.051	24.4	57	15.3	24.7	0.18	229	1	100.0	10
06/08/25	6:10 p	25.7	25.7	25.6	89	23.7	0.4	SW	0.27	1.8	SW	25.7	28.3	28.3	31.8	752.6	0.00	0.0	193	2.77	227	1.1	0.06	1.1	0.000	0.051	24.4	57	15.4	24.7	0.00	227	1	99.6	10
06/08/25	6:20 p	25.6	25.7	25.6	89	23.7	0.9	SSW	0.54	3.6	WSW	25.6	28.2	28.2	32.4	752.6	0.00	0.0	229	3.28	374	1.1	0.06	1.2	0.000	0.051	24.5	57	15.4	24.8	0.00	221	1	96.9	10
06/08/25	6:30 p	25.6	25.6	25.6	89	23.6	0.9	SSW	0.54	1.3	WNW	25.6	28.2	28.2	31.3	752.7	0.00	0.0	166	2.38	214	0.8	0.04	1.0	0.000	0.050	24.4	57	15.3	24.7	0.00	227	1	99.6	10
06/08/25	6:40 p	25.5	25.6	25.5	89	23.6	0.9	S	0.54	4.0	W	25.5	28.1	28.1	31.3	752.9	0.00	0.0	164	2.35	211	0.7	0.04	0.7	0.000	0.050	24.3	57	15.3	24.6	0.00	225	1	98.7	10
06/08/25	6:50 p	25.5	25.6	25.5	89	23.6	0.4	SSW	0.27	2.2	NNW	25.5	28.1	28.1	30.8	752.9	0.00	0.0	138	1.98	204	0.5	0.03	0.7	0.000	0.050	24.4	57	15.3	24.7	0.00	226	1	99.1	10
06/08/25	7:00 p	25.4	25.6	25.3	89	23.5	0.9	SW	0.54	3.1	SW	25.4	27.9	27.9	29.2	753.1	0.00	0.0	71	1.02	84	0.0	0.00	0.0	0.000	0.049	24.3	57	15.2	24.6	0.10	220	1	96.5	10
06/08/25	7:10 p	25.2	25.3	25.2	89	23.3	0.9	SW	0.54	2.2	WSW	25.2	27.6	27.6	28.6	753.3	0.00	0.0	61	0.87	72	0.0	0.00	0.0	0.000	0.048	24.2	58	15.4	24.6	0.00	227	1	99.6	10
06/08/25	7:20 p	25.1	25.2	25.0	89	23.2	0.9	SW	0.54	2.2	WSW	25.1	27.4	27.4	28.1	753.2	0.00	0.0	45	0.65	54	0.0	0.00	0.0	0.000	0.047	24.3	58	15.5	24.7	0.00	231	1	100.0	10
06/08/25	7:30 p	24.9	25.0	24.9	89	23.0	0.4	SSW	0.27	1.3	NNW	24.9	27.1	27.1	26.8	753.3	0.00	0.0	39	0.56	44	0.0	0.00	0.0	0.000	0.046	24.3	57	15.2	24.6	0.00	228	1	100.0	10
06/08/25	7:40 p	25.0	25.0	24.9	89	23.1	0.9	N	0.54	1.8	N	25.0	27.2	27.2	26.6	753.3	0.00	0.0	17	0.24	26	0.0	0.00	0.0	0.000	0.046	24.2	58	15.4	24.5	0.00	223	1	97.8	10
06/08/25	7:50 p	24.8	24.9	24.7	89	22.9	0.4	NNW	0.27	1.8	NNW	24.8	26.9	26.9	26.4	753.4	0.00	0.0	22	0.32	25	0.0	0.00	0.0	0.000	0.045	24.2	59	15.6	24.6	0.00	228	1	100.0	10
06/08/25	8:00 p	24.6	24.7	24.4	90	22.8	0.4	SSE	0.27	2.2	SSW	24.6	26.6	26.6	26.0	753.3	0.00	0.0	21	0.30	23	0.0	0.00	0.0	0.000	0.043	24.3	58	15.5	24.6	0.03	231	1	100.0	10
06/08/25	8:10 p	24.4	24.4	24.4	90	22.6	0.0	S	0.00	0.4	S	24.4	26.3	26.3	25.6	753.4	0.00	0.0	11	0.16	14	0.0	0.00	0.0	0.000	0.042	24.2	57	15.1	24.5	0.00	223	1	97.8	10
06/08/25	8:20 p	24.4	24.4	24.3	90	22.6	0.0	---	0.00	0.0	---	24.4	26.3	26.3	25.5	753.2	0.00	0.0	2	0.03	7	0.0	0.00	0.0	0.000	0.042	24.1	58	15.3	24.4	0.00	224	1	98.2	10
06/08/25	8:30 p	24.2	24.3	24.2	90	22.5	0.0	NW	0.00	1.8	NW	24.2	26.2	26.2	25.3	753.2	0.00	0.0	0	0.00	0	0.0	0.00	0.0	0.000	0.041	24.1	58	15.3	24.4	0.00	228	1	100.0	10
06/08/25	8:40 p	24.2	24.2	24.1	90	22.4	0.0	NNW	0.00	1.3	SW	24.2	26.1	26.1	25.2	753.2	0.00	0.0	0	0.00	0	0.0	0.00	0.0	0.000	0.041	24.2	58	15.4	24.5	0.00	230	1	100.0	10
06/08/25	8:50 p	24.1	24.1	24.1	90	22.3	0.0	---	0.00	0.0	---	24.1	25.9	25.9	25.1	753.2	0.00	0.0	0	0.00	0	0.0	0.00	0.0	0.000	0.040	24.2	58	15.4	24.6	0.00	230	1	100.0	10
06/08/25	9:00 p	24.1	24.1	24.0	90	22.3	0.0	---	0.00	0.0	---	24.1	25.9	25.9	25.1	753.3	0.00	0.0	0	0.00	0	0.0	0.00	0.0	0.000	0.040	24.1	58	15.3	24.4	0.00	224	1	98.2	10
06/08/25	9:10 p	24.0	24.0	23.9	90	22.3	0.0	---	0.00	0.0	---	24.0	25.9	25.9	25.1	753.4	0.00	0.0	0	0.00	0	0.0	0.00	0.0	0.000	0.039	23.9	58	15.2	24.3	0.00	227	1	99.6	10
06/08/25	9:20 p	23.9	24.0	23.9	91	22.4	0.0	---	0.00	0.0	---	23.9	25.9	25.9	25.1	753.4	0.00	0.0	0	0.00	0	0.0	0.00	0.0	0.000	0.039	24.0	59	15.5	24.4	0.00	226	1	99.1	10
06/08/25	9:30 p	23.9	23.9	23.9	91	22.3	0.0	---	0.00	0.0	---	23.9	25.8	25.8	25.0	753.6	0.00	0.0	0	0.00	0	0.0	0.00	0.0	0.000	0.039	24.1	59	15.5	24.5	0.00	223	1	97.8	10
06/08/25	9:40 p	23.9	23.9	23.8	91	22.3	0.0	---	0.00	0.0	---	23.9	25.8	25.8	25.0	753.8	0.00	0.0	0	0.00	0	0.0	0.00	0.0	0.000	0.039	24.2	60	15.9	24.6	0.00	223	1	97.8	10
06/08/25	9:50 p	23.8	23.9	23.8	91	22.3	0.0	NE	0.00	1.3	WNW	23.8	25.7	25.7	24.9	754.0	0.00	0.0	0	0.00	0	0.0	0.00	0.0	0.000	0.038	24.2	58	15.4	24.5	0.00	227	1	99.6	10
06/08/25	10:00 p	23.8	23.8	23.8	91	22.3	0.0	---	0.00	0.0	---	23.8	25.7	25.7	24.9	754.0	0.00	0.0	0	0.00	0	0.0	0.00	0.0	0.000	0.038	23.9	59	15.4	24.4	0.00	230	1	100.0	10
06/08/25	10:10 p	23.8	23.8	23.8	91	22.2	0.0	---	0.00	0.0	---	23.8	25.6	25.6	24.7	753.9	0.00	0.0	0	0.00	0	0.0	0.00	0.0	0.000	0.038	23.9	59	15.4	24.3	0.00	226	1	99.1	10
06/08/25	10:20 p	23.8	23.8	23.8	91	22.2	0.0	WNW	0.00	1.3	WNW	23.8	25.6	25.6	24.7	754.2	0.00	0.0	0	0.00	0	0.0	0.00	0.0	0.000	0.038	23.9	59	15.4	24.4	0.00	224	1	98.2	10
06/08/25	10:30 p	23.8	23.8	23.7	91	22.2	0.0	NE	0.00	1.8	NE	23.8	25.6	25.6	24.7	754.4	0.00	0.0	0	0.00	0	0.0	0.00	0.0	0.000	0.038	24.0	59	15.5	24.4	0.00	231	1	100.0	10
06/08/25	10:40 p	23.7	23.8	23.7	91	22.2	0.0	WNW	0.00	1.8	W	23.7	25.5	25.5	24.6	754.2	0.00	0.0	0	0.00	0	0.0	0.00	0.0	0.000	0.037	24.1	60	15.8	24.5	0.00	232	1	100.0	10
06/08/25	10:50 p	23.7	23.7	23.6	91	22.1	0.0	WNW	0.00	1.8	NW	23.7	25.4	25.4	24.5	754.4	0.00	0.0	0	0.00	0	0.0	0.00	0.0	0.000	0.037	24.1	58	15.3	24.4	0.00	229	1	100.0	10
06/08/25	11:00 p	23.7	23.7	23.6	91	22.1	1.3	N	0.80	4.9	NNW	23.7	25.4	25.4	24.5	754.9	0.00	0.0	0	0.00	0	0.0	0.00	0.0	0.000	0.037	23.9	59	15.4	24.3	0.00	224	1	98.2	10
06/08/25	11:10 p	23.4	23.6	23.2	91	21.8	1.8	NNW	1.07	4.9	N	23.4	24.8	24.8	23.9	755.0	3.56	89.7	0	0.00	0	0.0	0.00	0.0	0.000	0.035	23.8	59	15.3	24.3	0.00	230	1	100.0	10
06/08/25	11:20 p	23.0	23.2	22.7	91	21.5	1.8	SSW	1.07	6.3	SW	23.0	24.4	24.4	23.5	754.5	5.84	166.4	0	0.00	0	0.0	0.00	0.0	0.000	0.032	23.9	59	15.4	24.3	0.00	217	1	95.2	10
06/08/25	11:30 p	22.7	22.7	22.6	91	21.1	0.9	NNW	0.54	3.1	NW	22.7	24.1	24.1	23.2	754.5	0.25	5.6	0	0.00	0	0.0	0.00	0.0	0.000	0.030	23.9	60	15.7	24.4	0.00	226	1	99.1	10
06/08/25	11:40 p	22.6	22.6	22.5	91	21.0	0.0	---	0.00	0.0	---	22.6	23.9	23.9	23.0	754.7	0.00	0.0	0	0.00	0	0.0	0.00	0.0	0.000	0.029	24.0	61	16.0	24.5	0.00	224	1	98.2	10
06/08/25	11:50 p	22.4	22.5	22.4	91	20.9	0.0	---	0.00	0.0	---	22.4	23.8	23.8	22.8	754.7	0.00	0.0	0	0.00	0	0.0	0.00	0.0	0.000	0.029	24.0	59	15.5	24.4	0.00	231	1	100.0	10
06/09/25	12:00 a	22.3	22.4	22.2	92	20.9	0.0	W	0.00	0.9	W	22.3	23.7	23.7	22.7	754.8	0.00	0.0	0	0.00	0	0.0	0.00	0.0	0.000	0.027	23.8	59	15.3	24.3	0.00	227	1	99.6	10
06/09/25	12:10 a	22.2	22.3	22.2	92	20.9	0.0	NW	0.00	1.8	N	22.2	23.6	23.6	22.6	754.8	0.00	0.0	0	0.00	0	0.0	0.00	0.0	0.000	0.027	23.8	59	15.3	24.2	0.00	231	1	100.0	10
06/09/25	12:20 a	22.2	22.3	22.2	92	20.9	0.0	---	0.00	0.0	---	22.2	23.6	23.6	22.6	754.7	0.00	0.0	0	0.00	0	0.0	0.00	0.0	0.000	0.027	23.8	60	15.5	24.3	0.00	225	1	98.7	10
06/09/25	12:30 a	22.2	22.2	22.2	92	20.8	0.0	---	0.00	0.0	---	22.2	23.5	23.5	22.6	755.0	0.25	0.0	0	0.00	0	0.0	0.00	0.0	0.000	0.027	23.8	60	15.6	24.3	0.00	230	1	100.0	10
06/09/25	12:40 a	22.2	22.2	22.1	92	20.8	0.0	---	0.00	0.0	---	22.2	23.5	23.5	22.6	754.9	1.52	58.7	0	0.00	0	0.0	0.00	0.0	0.000	0.027	23.8	61	15.9	24.4	0.00	226	1	99.1	10
06/09/25	12:50 a	22.2	22.3	22.2	92	20.9	0.4	WSW	0.27	3.1	SW	22.2	23.6	23.6	22.6	754.6	1.02	33.5	0	0.00	0	0.0	0.00	0.0	0.000	0.027	23.9	61	15.9	24.4	0.00	227	1	99.6	10
06/09/25	1:00 a	22.2	22.3	22.2	92	20.9	0.0	---	0.00	0.0	---	22.2	23.6	23.6	22.6	754.6	0.00	1.0	0	0.00	0	0.0	0.00	0.0	0.000	0.027	23.9	60	15.7	24.4	0.00	225	1	98.7	10
06/09/25	1:10 a	22.3	22.3	22.2	92	20.9	0.4	SW	0.27	3.1	SSW	22.3	23.7	23.7	22.7	754.3	0.25	1.0	0	0.00	0	0.0	0.00	0.0	0.000	0.027	23.8	60	15.5	24.3	0.00	222	1	97.4	10
06/09/25	1:20 a	22.4	22.4	22.3	92	21.0	0.4	SW	0.27	3.1	SW	22.4	23.8	23.8	22.8	754.2	0.25	1.5	0	0.00	0	0.0	0.00	0.0	0.000	0.028	23.7	60	15.4	24.1	0.00	227	1	99.6	10
06/09/25	1:30 a	22.4	22.5	22.4	92	21.1	1.8	SSW	1.07	4.5	SW	22.4	23.8	23.8	22.9	754.3	0.00	1.0	0	0.00	0	0.0	0.00	0.0	0.000	0.029	23.7	60	15.4	24.1	0.00	217	1	95.2	10
06/09/25	1:40 a	22.4	22.4	22.4	92	21.1	0.4	SSW	0.27	2.7	SSW	22.4	23.8	23.8	22.9	754.5	0.00	0.0	0	0.00	0	0.0	0.00	0.0	0.000	0.029	23.7	61	15.8	24.2	0.00	218	1	95.6	10
06/09/25	1:50 a	22.5	22.6	22.4	92	21.1	0.0	---	0.00	0.0	---	22.5	23.9	23.9	23.0	754.9	0.00	0.0	0	0.00	0	0.0	0.00	0.0	0.000	0.029	23.7	61	15.8	24.2	0.00	226	1	99.1	10
06/09/25	2:00 a	22.5	22.6	22.4	93	21.3	0.4	SSW	0.27	4.0	SW	22.5	23.9	23.9	23.1	755.0	0.00	0.0	0	0.00	0	0.0	0.00	0.0	0.000	0.029	23.8	61	15.8	24.3	0.00	225	1	98.7	10
06/09/25	2:10 a	22.4	22.5	22.4	93	21.3	0.4	SSW	0.27	2.7	SSW	22.4	23.9	23.9	23.0	755.0	0.00	0.0	0	0.00	0	0.0	0.00	0.0	0.000	0.029	23.8	61	15.9	24.4	0.00	228	1	100.0	10
06/09/25	2:20 a	22.3	22.4	22.2	92	20.9	0.0	---	0.00	0.0	---	22.3	23.7	23.7	22.7	755.1	0.00	0.0	0	0.00	0	0.0	0.00	0.0	0.000	0.027	23.8	62	16.1	24.4	0.00	227	1	99.6	10
06/09/25	2:30 a	22.2	22.2	22.1	93	21.0	0.0	---	0.00	0.0	---	22.2	23.6	23.6	22.7	754.9	0.25	0.0	0	0.00	0	0.0	0.00	0.0	0.000	0.027	23.9	62	16.2	24.5	0.00	230	1	100.0	10
06/09/25	2:40 a	21.9	22.1	21.8	93	20.7	0.0	---	0.00	0.0	---	21.9	23.3	23.3	22.3	754.8	0.00	0.0	0	0.00	0	0.0	0.00	0.0	0.000	0.025	23.9	62	16.2	24.5	0.00	233	1	100.0	10
06/09/25	2:50 a	21.7	21.8	21.7	93	20.5	0.0	---	0.00	0.0	---	21.7	23.1	23.1	22.2	754.8	0.25	0.0	0	0.00	0	0.0	0.00	0.0	0.000	0.024	23.9	62	16.2	24.5	0.00	234	1	100.0	10
06/09/25	3:00 a	21.6	21.6	21.4	93	20.4	0.0	---	0.00	0.0	---	21.6	22.9	22.9	22.0	754.6	0.00	0.0	0	0.00	0	0.0	0.00	0.0	0.000	0.022	23.8	60	15.5	24.3	0.00	230	1	100.0	10
06/09/25	3:10 a	21.4	21.4	21.3	93	20.2	0.4	SSW	0.27	2.7	SSW	21.4	22.7	22.7	21.8	754.4	0.00	0.0	0	0.00	0	0.0	0.00	0.0	0.000	0.021	23.6	61	15.6	24.1	0.00	226	1	99.1	10
06/09/25	3:20 a	21.2	21.3	21.2	93	20.0	0.0	NNE	0.00	1.3	NNE	21.2	22.5	22.5	21.6	754.5	0.25	0.0	0	0.00	0	0.0	0.00	0.0	0.000	0.020	23.6	61	15.6	24.1	0.00	222	1	97.4	10
06/09/25	3:30 a	21.2	21.2	21.1	93	20.0	0.0	---	0.00	0.0	---	21.2	22.4	22.4	21.4	754.4	0.00	0.0	0	0.00	0	0.0	0.00	0.0	0.000	0.020	23.7	61	15.7	24.2	0.00	222	1	97.4	10
06/09/25	3:40 a	21.1	21.2	21.1	93	19.9	0.0	---	0.00	0.0	---	21.1	22.4	22.4	21.4	754.3	0.00	0.0	0	0.00	0	0.0	0.00	0.0	0.000	0.019	23.7	62	16.0	24.2	0.00	220	1	96.5	10
06/09/25	3:50 a	21.1	21.1	21.1	93	19.9	0.0	---	0.00	0.0	---	21.1	22.4	22.4	21.4	754.4	0.00	0.0	0	0.00	0	0.0	0.00	0.0	0.000	0.019	23.7	62	16.0	24.2	0.00	216	1	94.7	10
06/09/25	4:00 a	21.0	21.1	20.9	93	19.8	0.0	---	0.00	0.0	---	21.0	22.3	22.3	21.3	754.3	0.00	0.0	0	0.00	0	0.0	0.00	0.0	0.000	0.019	23.7	63	16.2	24.3	0.00	222	1	97.4	10
06/09/25	4:10 a	20.9	20.9	20.9	93	19.8	0.0	---	0.00	0.0	---	20.9	22.2	22.2	21.2	754.3	0.00	0.0	0	0.00	0	0.0	0.00	0.0	0.000	0.018	23.7	63	16.2	24.3	0.00	223	1	97.8	10
06/09/25	4:20 a	20.9	20.9	20.8	93	19.7	0.0	---	0.00	0.0	---	20.9	22.2	22.2	21.2	754.4	0.00	0.0	0	0.00	0	0.0	0.00	0.0	0.000	0.018	23.7	63	16.2	24.3	0.00	215	1	94.3	10
06/09/25	4:30 a	20.8	20.8	20.8	93	19.7	0.0	---	0.00	0.0	---	20.8	22.1	22.1	21.1	754.4	0.00	0.0	0	0.00	0	0.0	0.00	0.0	0.000	0.017	23.7	64	16.5	24.3	0.00	215	1	94.3	10
06/09/25	4:40 a	20.8	20.8	20.8	93	19.7	0.0	---	0.00	0.0	---	20.8	22.1	22.1	21.1	754.4	0.00	0.0	0	0.00	0	0.0	0.00	0.0	0.000	0.017	23.7	64	16.5	24.3	0.00	221	1	96.9	10
06/09/25	4:50 a	20.8	20.8	20.8	93	19.7	0.0	---	0.00	0.0	---	20.8	22.1	22.1	21.1	754.5	0.00	0.0	0	0.00	0	0.0	0.00	0.0	0.000	0.017	23.7	64	16.5	24.3	0.00	216	1	94.7	10
06/09/25	5:00 a	20.8	20.8	20.8	93	19.6	0.0	---	0.00	0.0	---	20.8	22.0	22.0	21.0	754.4	0.00	0.0	0	0.00	0	0.0	0.00	0.0	0.000	0.017	23.7	64	16.5	24.3	0.00	217	1	95.2	10
06/09/25	5:10 a	20.8	20.8	20.8	93	19.6	0.0	---	0.00	0.0	---	20.8	22.0	22.0	21.0	754.6	0.00	0.0	0	0.00	0	0.0	0.00	0.0	0.000	0.017	23.7	64	16.5	24.3	0.00	209	1	91.7	10
06/09/25	5:20 a	20.8	20.8	20.8	93	19.7	0.0	---	0.00	0.0	---	20.8	22.1	22.1	21.1	754.7	0.00	0.0	0	0.00	0	0.0	0.00	0.0	0.000	0.017	23.6	65	16.6	24.3	0.00	217	1	95.2	10
06/09/25	5:30 a	20.8	20.8	20.8	93	19.6	0.0	---	0.00	0.0	---	20.8	22.0	22.0	21.0	754.8	0.00	0.0	0	0.00	0	0.0	0.00	0.0	0.000	0.017	23.6	65	16.6	24.3	0.00	215	1	94.3	10
06/09/25	5:40 a	20.8	20.8	20.8	93	19.6	0.0	---	0.00	0.0	---	20.8	22.0	22.0	21.0	754.7	0.00	0.0	0	0.00	0	0.0	0.00	0.0	0.000	0.017	23.6	65	16.6	24.3	0.00	217	1	95.2	10
06/09/25	5:50 a	20.8	20.8	20.7	93	19.6	0.0	---	0.00	0.0	---	20.8	22.0	22.0	21.1	754.6	0.00	0.0	2	0.03	5	0.0	0.00	0.0	0.000	0.017	23.6	65	16.6	24.2	0.00	210	1	92.1	10
06/09/25	6:00 a	20.8	20.8	20.8	93	19.6	0.0	---	0.00	0.0	---	20.8	22.0	22.0	21.1	754.8	0.00	0.0	7	0.10	9	0.0	0.00	0.0	0.000	0.017	23.6	65	16.6	24.2	0.00	215	1	94.3	10
06/09/25	6:10 a	20.8	20.8	20.8	93	19.6	0.0	---	0.00	0.0	---	20.8	22.0	22.0	21.2	754.9	0.00	0.0	12	0.17	16	0.0	0.00	0.0	0.000	0.017	23.6	65	16.6	24.2	0.00	219	1	96.1	10
06/09/25	6:20 a	20.8	20.8	20.8	93	19.6	0.0	---	0.00	0.0	---	20.8	22.0	22.0	21.3	754.9	0.00	0.0	19	0.27	28	0.0	0.00	0.0	0.000	0.017	23.6	65	16.6	24.2	0.00	215	1	94.3	10
06/09/25	6:30 a	20.8	20.8	20.8	93	19.6	0.0	---	0.00	0.0	---	20.8	22.0	22.0	21.3	755.0	0.00	0.0	26	0.37	28	0.0	0.00	0.0	0.000	0.017	23.6	66	16.8	24.3	0.00	208	1	91.2	10
06/09/25	6:40 a	20.8	20.9	20.8	93	19.7	0.0	---	0.00	0.0	---	20.8	22.1	22.1	21.4	755.1	0.00	0.0	26	0.37	28	0.0	0.00	0.0	0.000	0.017	23.6	66	16.8	24.3	0.00	215	1	94.3	10
06/09/25	6:50 a	20.8	20.9	20.8	93	19.7	0.0	---	0.00	0.0	---	20.8	22.1	22.1	21.4	755.3	0.00	0.0	30	0.43	30	0.0	0.00	0.0	0.000	0.017	23.6	66	16.8	24.3	0.00	216	1	94.7	10
06/09/25	7:00 a	20.9	20.9	20.8	93	19.7	0.0	---	0.00	0.0	---	20.9	22.2	22.2	21.6	755.5	0.00	0.0	31	0.44	32	0.0	0.00	0.0	0.000	0.018	23.6	65	16.6	24.2	0.03	219	1	96.1	10
06/09/25	7:10 a	20.9	21.1	20.9	93	19.8	0.0	---	0.00	0.0	---	20.9	22.2	22.2	22.5	755.8	0.00	0.0	35	0.50	37	0.0	0.00	0.0	0.000	0.018	23.6	66	16.8	24.3	0.00	215	1	94.3	10
06/09/25	7:20 a	21.2	21.2	21.1	93	20.0	0.0	---	0.00	0.0	---	21.2	22.4	22.4	22.8	755.9	0.00	0.0	38	0.54	51	0.0	0.00	0.0	0.000	0.020	23.6	66	16.8	24.3	0.00	221	1	96.9	10
06/09/25	7:30 a	21.2	21.3	21.2	93	20.0	0.0	---	0.00	0.0	---	21.2	22.5	22.5	23.9	756.0	0.00	0.0	84	1.20	214	0.3	0.02	0.8	0.000	0.020	23.6	66	16.8	24.3	0.00	220	1	96.5	10
06/09/25	7:40 a	21.4	21.6	21.3	93	20.3	0.0	---	0.00	0.0	---	21.4	22.8	22.8	26.7	756.0	0.00	0.0	224	3.21	243	0.9	0.05	1.0	0.000	0.022	23.6	66	16.8	24.3	0.00	217	1	95.2	10
06/09/25	7:50 a	21.8	21.9	21.6	93	20.7	0.0	---	0.00	0.0	---	21.8	23.2	23.2	27.7	756.1	0.00	0.0	266	3.81	283	1.1	0.06	1.2	0.000	0.024	23.6	66	16.8	24.3	0.00	219	1	96.1	10
06/09/25	8:00 a	21.9	21.9	21.9	93	20.7	0.0	ESE	0.00	0.4	ESE	21.9	23.3	23.3	28.2	756.2	0.00	0.0	305	4.37	318	1.3	0.07	1.3	0.000	0.025	23.6	66	16.8	24.3	0.10	218	1	95.6	10
06/09/25	8:10 a	22.0	22.2	21.9	93	20.8	0.0	---	0.00	0.0	---	22.0	23.4	23.4	28.6	756.4	0.00	0.0	337	4.83	350	1.4	0.08	1.5	0.000	0.025	23.6	66	16.8	24.3	0.00	213	1	93.4	10
06/09/25	8:20 a	22.3	22.4	22.2	93	21.1	0.0	---	0.00	0.0	---	22.3	23.8	23.8	29.3	756.5	0.00	0.0	356	5.10	378	1.7	0.09	1.8	0.000	0.028	23.6	63	16.1	24.2	0.00	214	1	93.9	10
06/09/25	8:30 a	22.4	22.5	22.3	93	21.2	0.0	---	0.00	0.0	---	22.4	23.8	23.8	29.6	756.6	0.00	0.0	396	5.68	417	1.9	0.10	2.0	0.000	0.028	23.4	64	16.2	24.0	0.00	218	1	95.6	10
06/09/25	8:40 a	22.4	22.6	22.3	93	21.3	0.0	---	0.00	0.0	---	22.4	23.9	23.9	29.8	756.7	0.00	0.0	429	6.15	446	2.2	0.12	2.3	0.000	0.029	23.4	64	16.2	24.1	0.00	219	1	96.1	10
06/09/25	8:50 a	22.7	22.8	22.6	93	21.5	0.0	---	0.00	0.0	---	22.7	24.2	24.2	30.2	756.9	0.00	0.0	462	6.62	473	2.4	0.13	2.5	0.000	0.030	23.5	64	16.3	24.1	0.00	216	1	94.7	10
06/09/25	9:00 a	22.8	22.8	22.7	93	21.6	0.0	NNW	0.00	0.4	NNW	22.8	24.3	24.3	30.4	757.1	0.00	0.0	496	7.11	513	2.7	0.14	2.9	0.000	0.031	23.6	64	16.3	24.2	0.25	223	1	97.8	10
06/09/25	9:10 a	22.8	22.9	22.8	93	21.6	0.0	NW	0.00	0.4	WNW	22.8	24.3	24.3	30.6	757.2	0.00	0.0	522	7.48	540	2.9	0.16	3.1	0.000	0.031	23.6	64	16.4	24.3	0.00	224	1	98.2	10
06/09/25	9:20 a	22.9	23.1	22.8	93	21.8	0.0	NW	0.00	0.9	NW	22.9	24.4	24.4	30.7	757.1	0.00	0.0	559	8.01	601	3.3	0.18	3.4	0.000	0.032	23.7	65	16.7	24.4	0.00	221	1	96.9	10
06/09/25	9:30 a	23.1	23.1	23.0	93	21.9	0.0	N	0.00	1.3	N	23.1	24.6	24.6	30.8	757.1	0.00	0.0	526	7.54	617	3.5	0.19	3.7	0.000	0.033	23.8	65	16.8	24.5	0.00	222	1	97.4	10
06/09/25	9:40 a	23.1	23.2	23.0	93	21.9	0.0	---	0.00	0.0	---	23.1	24.6	24.6	31.1	757.0	0.00	0.0	601	8.62	610	3.9	0.21	4.0	0.000	0.033	23.8	65	16.9	24.6	0.00	232	1	100.0	10
06/09/25	9:50 a	23.2	23.2	23.2	93	22.0	0.0	N	0.00	0.9	N	23.2	24.7	24.7	31.2	756.9	0.00	0.0	627	8.99	640	4.2	0.22	4.3	0.000	0.034	23.9	65	17.0	24.7	0.00	224	1	98.2	10
06/09/25	10:00 a	23.2	23.3	23.2	93	22.0	0.0	N	0.00	0.9	N	23.2	24.7	24.7	31.2	756.9	0.00	0.0	653	9.36	664	4.5	0.24	4.7	0.000	0.034	24.1	65	17.1	24.8	0.36	222	1	97.4	10
06/09/25	10:10 a	23.3	23.4	23.2	93	22.1	0.0	---	0.00	0.0	---	23.3	24.8	24.8	31.3	756.8	0.00	0.0	681	9.76	731	4.9	0.26	5.1	0.000	0.034	24.2	65	17.2	24.9	0.00	223	1	97.8	10
06/09/25	10:20 a	23.6	23.8	23.4	93	22.4	0.0	ESE	0.00	0.4	ESE	23.6	25.4	25.4	31.6	756.9	0.00	0.0	735	10.54	821	5.3	0.28	5.7	0.000	0.037	24.3	65	17.3	24.9	0.00	224	1	98.2	10
06/09/25	10:30 a	23.9	24.1	23.8	92	22.6	0.0	SE	0.00	1.8	SE	23.9	25.9	25.9	29.8	756.9	0.00	0.0	333	4.77	394	4.2	0.22	6.2	0.000	0.039	24.3	65	17.3	25.0	0.00	225	1	98.7	10
06/09/25	10:40 a	24.2	24.3	24.1	93	23.0	0.0	N	0.00	1.8	NNE	24.2	26.3	26.3	32.9	757.0	0.00	0.0	758	10.87	937	5.7	0.31	6.5	0.000	0.041	24.4	65	17.4	25.1	0.00	220	1	96.5	10
06/09/25	10:50 a	24.3	24.3	24.3	92	22.9	0.0	NNE	0.00	1.8	NNE	24.3	26.4	26.4	29.6	757.0	0.00	0.0	280	4.01	357	3.6	0.19	4.3	0.000	0.042	24.6	65	17.5	25.2	0.00	230	1	100.0	10
06/09/25	11:00 a	24.3	24.4	24.3	92	22.9	0.0	---	0.00	0.0	---	24.3	26.4	26.4	32.7	757.0	0.00	0.0	845	12.11	970	6.3	0.34	7.0	0.000	0.042	24.6	65	17.6	25.3	0.36	228	1	100.0	10
06/09/25	11:10 a	24.6	24.7	24.4	92	23.2	0.0	ENE	0.00	0.4	ENE	24.6	26.7	26.7	31.1	757.1	0.00	0.0	398	5.71	1004	4.9	0.26	7.3	0.000	0.043	24.7	65	17.7	25.4	0.00	225	1	98.7	10
06/09/25	11:20 a	24.7	24.8	24.7	92	23.3	0.0	---	0.00	0.0	---	24.7	26.9	26.9	33.8	757.2	0.00	0.0	963	13.80	1071	6.6	0.35	7.6	0.000	0.044	24.8	65	17.8	25.5	0.00	221	1	96.9	10
06/09/25	11:30 a	24.8	24.9	24.8	91	23.3	0.0	N	0.00	2.7	N	24.8	27.0	27.0	32.9	757.1	0.00	0.0	564	8.09	1058	5.6	0.30	7.8	0.000	0.045	24.9	65	17.9	25.6	0.00	232	1	100.0	10
06/09/25	11:40 a	25.0	25.1	24.9	91	23.4	0.0	---	0.00	0.0	---	25.0	27.3	27.3	31.6	757.2	0.00	0.0	385	5.52	450	4.8	0.26	6.3	0.000	0.046	25.0	64	17.7	25.7	0.00	225	1	98.7	10
06/09/25	11:50 a	25.1	25.1	25.0	91	23.5	0.0	---	0.00	0.0	---	25.1	27.4	27.4	31.2	757.2	0.00	0.0	336	4.82	360	4.4	0.24	7.3	0.000	0.047	25.1	64	17.8	25.8	0.00	225	1	98.7	10
06/09/25	12:00 p	25.2	25.2	25.1	91	23.6	0.0	---	0.00	0.0	---	25.2	27.6	27.6	34.5	757.1	0.00	0.0	1045	14.98	1144	8.1	0.43	8.6	0.000	0.047	25.2	64	17.9	25.9	0.41	227	1	99.6	10
06/09/25	12:10 p	25.3	25.3	25.2	90	23.5	0.0	---	0.00	0.0	---	25.3	27.7	27.7	30.6	757.1	0.00	0.0	259	3.71	288	3.5	0.19	4.2	0.000	0.048	25.3	64	18.0	26.0	0.00	230	1	100.0	10
06/09/25	12:20 p	25.3	25.3	25.3	90	23.6	0.0	NW	0.00	0.4	NW	25.3	27.8	27.8	30.4	757.3	0.00	0.0	234	3.35	246	2.5	0.13	2.9	0.000	0.049	25.3	65	18.3	26.1	0.00	228	1	100.0	10
06/09/25	12:30 p	25.3	25.3	25.3	90	23.6	0.0	SSW	0.00	1.3	SSW	25.3	27.8	27.8	30.0	757.3	0.00	0.0	205	2.94	262	2.0	0.11	2.6	0.000	0.049	25.4	65	18.3	26.2	0.00	223	1	97.8	10
06/09/25	12:40 p	25.3	25.3	25.2	90	23.5	0.0	---	0.00	0.0	---	25.3	27.7	27.7	28.7	757.2	0.00	0.0	116	1.66	144	1.1	0.06	1.3	0.000	0.048	25.4	62	17.6	26.0	0.00	225	1	98.7	10
06/09/25	12:50 p	25.4	25.4	25.3	90	23.6	0.0	---	0.00	0.0	---	25.4	27.9	27.9	30.8	757.2	0.00	0.0	255	3.66	522	3.3	0.18	8.6	0.000	0.049	25.2	62	17.4	25.7	0.00	228	1	100.0	10
06/09/25	1:00 p	25.5	25.5	25.4	89	23.6	0.0	WNW	0.00	0.4	SSW	25.5	28.1	28.1	34.2	757.1	0.00	0.0	956	13.70	1005	8.8	0.47	9.1	0.000	0.050	25.2	63	17.6	25.8	0.23	227	1	99.6	10
06/09/25	1:10 p	25.5	25.7	25.4	89	23.6	0.0	NNW	0.00	1.8	NNW	25.5	28.1	28.1	34.1	757.0	0.00	0.0	992	14.22	1118	8.9	0.48	9.3	0.000	0.050	25.4	64	18.1	26.1	0.00	226	1	99.1	10
06/09/25	1:20 p	25.8	25.9	25.7	89	23.8	0.0	N	0.00	2.2	N	25.8	28.6	28.6	33.1	756.9	0.00	0.0	405	5.81	483	6.1	0.33	8.9	0.000	0.052	25.6	61	17.5	26.2	0.00	225	1	98.7	10
06/09/25	1:30 p	26.0	26.1	25.9	88	23.9	0.0	---	0.00	0.0	---	26.0	28.8	28.8	32.7	757.0	0.00	0.0	341	4.89	541	4.1	0.22	7.3	0.000	0.053	25.6	62	17.8	26.2	0.00	228	1	100.0	10
06/09/25	1:40 p	26.1	26.2	26.1	88	24.0	0.0	---	0.00	0.0	---	26.1	29.1	29.1	33.2	756.9	0.00	0.0	368	5.28	526	5.8	0.31	9.1	0.000	0.054	25.8	62	17.9	26.4	0.00	225	1	98.7	10
06/09/25	1:50 p	26.3	26.4	26.2	88	24.2	0.0	---	0.00	0.0	---	26.3	29.5	29.5	32.4	757.0	0.00	0.0	253	3.63	297	3.2	0.17	4.7	0.000	0.056	25.8	59	17.2	26.3	0.00	229	1	100.0	10
06/09/25	2:00 p	26.6	26.6	26.4	88	24.4	0.0	S	0.00	0.4	S	26.6	29.9	29.9	33.2	756.8	0.00	0.0	281	4.03	339	3.1	0.17	3.5	0.000	0.057	25.6	60	17.3	26.1	0.33	224	1	98.2	10
06/09/25	2:10 p	26.5	26.6	26.5	87	24.2	0.0	S	0.00	0.4	S	26.5	29.7	29.7	34.7	756.7	0.00	0.0	450	6.45	986	5.2	0.28	8.3	0.000	0.057	25.7	61	17.6	26.2	0.00	226	1	99.1	10
06/09/25	2:20 p	26.6	26.7	26.5	87	24.3	0.4	N	0.27	2.7	N	26.6	29.9	29.9	36.9	756.7	0.00	0.0	808	11.58	965	7.6	0.41	8.2	0.000	0.057	25.8	59	17.2	26.3	0.00	230	1	100.0	10
06/09/25	2:30 p	26.8	26.9	26.7	86	24.3	0.0	---	0.00	0.0	---	26.8	30.3	30.3	36.6	756.6	0.00	0.0	943	13.52	1013	7.2	0.39	8.0	0.000	0.059	25.7	59	17.1	26.2	0.00	229	1	100.0	10
06/09/25	2:40 p	27.1	27.2	26.9	86	24.5	0.0	WNW	0.00	1.3	WNW	27.1	30.8	30.8	36.9	756.5	0.00	0.0	597	8.56	1037	4.8	0.26	7.7	0.000	0.061	25.8	61	17.7	26.4	0.00	226	1	99.1	10
06/09/25	2:50 p	27.2	27.2	27.2	85	24.5	0.0	WNW	0.00	0.4	WNW	27.2	31.0	31.0	37.2	756.4	0.00	0.0	602	8.63	928	5.5	0.29	7.3	0.000	0.062	25.8	58	16.9	26.3	0.00	227	1	99.6	10
06/09/25	3:00 p	27.4	27.4	27.2	85	24.6	0.0	WSW	0.00	2.2	WSW	27.4	31.4	31.4	38.2	756.3	0.00	0.0	834	11.96	928	6.3	0.34	7.3	0.000	0.063	25.7	59	17.1	26.2	0.43	225	1	98.7	10
06/09/25	3:10 p	27.6	27.7	27.4	84	24.6	0.0	SSE	0.00	1.3	SSW	27.6	31.7	31.7	38.4	756.1	0.00	0.0	833	11.94	872	6.6	0.35	6.9	0.000	0.064	25.7	59	17.1	26.2	0.00	229	1	100.0	10
06/09/25	3:20 p	27.8	27.8	27.7	84	24.8	0.4	SW	0.27	3.1	SW	27.8	32.3	32.3	39.1	756.3	0.00	0.0	774	11.10	886	5.0	0.27	6.6	0.000	0.066	25.8	58	16.9	26.2	0.00	219	1	96.1	10
06/09/25	3:30 p	27.9	27.9	27.8	83	24.7	0.0	---	0.00	0.0	---	27.9	32.4	32.4	36.3	756.2	0.00	0.0	335	4.80	543	4.4	0.24	5.8	0.000	0.066	25.7	58	16.8	26.1	0.00	231	1	100.0	10
06/09/25	3:40 p	27.9	28.1	27.9	83	24.8	0.0	NW	0.00	2.7	WNW	27.9	32.6	32.6	38.9	756.1	0.00	0.0	612	8.77	715	4.8	0.26	5.5	0.000	0.067	25.8	58	16.9	26.3	0.00	231	1	100.0	10
06/09/25	3:50 p	28.1	28.2	28.1	83	24.9	0.0	SSW	0.00	2.2	SSW	28.1	33.0	33.0	39.1	756.0	0.00	0.0	548	7.86	779	4.1	0.22	5.4	0.000	0.068	25.9	57	16.8	26.4	0.00	230	1	100.0	10
